"AUQ340.Code.or.Value","AUQ340.Value.Description","AUQ340.Count","AUQ340.Cumulative","AUQ340.Skip.to.Item"
"1","Less than 3 months",103,103,NA
"2","3 to 11 months",196,299,NA
"3","1 to 2 years",272,571,NA
"4","3 to 4 years",192,763,NA
"5","5 to 9 years",274,1037,NA
"6","10 to 14 years",176,1213,NA
"7","15 or more years",338,1551,NA
"77","Refused",0,1551,NA
"99","Don't know",2,1553,NA
".","Missing",8022,9575,NA
