"AUAEXCMT.Code.or.Value","AUAEXCMT.Value.Description","AUAEXCMT.Count","AUAEXCMT.Cumulative","AUAEXCMT.Skip.to.Item"
"2","SP refusal",44,44,NA
"3","No time",2,46,NA
"4","Physical limitation",19,65,NA
"5","Communication problem",8,73,NA
"6","Equipment failure",2,75,NA
"7","Sp ill/emergency",5,80,NA
"72","Error (technician/software/supply)",10,90,NA
"84","SP with child",5,95,NA
"99","Other, specify",62,157,NA
".","Missing",1732,1889,NA
