"BHQ020.Code.or.Value","BHQ020.Value.Description","BHQ020.Count","BHQ020.Cumulative","BHQ020.Skip.to.Item"
"1","2 or more times a day,",6,6,NA
"2","once a day,",23,29,NA
"3","2 or more times a week,",24,53,NA
"4","once a week,",14,67,NA
"5","1-3 times a month, or",107,174,NA
"6","Never?",4984,5158,NA
"77","Refused",3,5161,NA
"99","Don't know",16,5177,NA
".","Missing",530,5707,NA
