"PEASCCT1.Code.or.Value","PEASCCT1.Value.Description","PEASCCT1.Count","PEASCCT1.Cumulative","PEASCCT1.Skip.to.Item"
"0","None",8960,8960,NA
"1","Safety exclusion",3,8963,NA
"2","SP refusal",52,9015,NA
"3","No time",15,9030,NA
"4","Physical limitation",7,9037,NA
"5","Communication problem",4,9041,NA
"6","Equipment failure",1,9042,NA
"7","SP ill/emergency",9,9051,NA
"56","Came late/left early",174,9225,NA
"99","Other, specify",57,9282,NA
".","Missing",0,9282,NA
