"CBQ140.Code.or.Value","CBQ140.Value.Description","CBQ140.Count","CBQ140.Cumulative","CBQ140.Skip.to.Item"
"1","More than once a week,",1488,1488,NA
"2","Once a week,",4352,5840,NA
"3","Once every two weeks, or",2557,8397,NA
"4","Once a month or less?",1386,9783,NA
"5","Rarely make any major shopping trips, only small trips",154,9937,NA
"6","Rarely shop for food",72,10009,NA
"77","Refused",7,10016,NA
"99","Don't know",10,10026,NA
".","Missing",123,10149,NA
