"DBQ780.Code.or.Value","DBQ780.Value.Description","DBQ780.Count","DBQ780.Cumulative","DBQ780.Skip.to.Item"
"1","Always",431,431,NA
"2","Most of the time",874,1305,NA
"3","Sometimes",1783,3088,NA
"4","Rarely",964,4052,NA
"5","Never",707,4759,NA
"6","Never seen",27,4786,NA
"7","Refused",1,4787,NA
"9","Don't know",19,4806,NA
".","Missing",1216,6022,NA
