"DMDHRMAR.Code.or.Value","DMDHRMAR.Value.Description","DMDHRMAR.Count","DMDHRMAR.Cumulative","DMDHRMAR.Skip.to.Item"
"1","Married",5681,5681,NA
"2","Widowed",524,6205,NA
"3","Divorced",977,7182,NA
"4","Separated",353,7535,NA
"5","Never married",1305,8840,NA
"6","Living with partner",1017,9857,NA
"77","Refused",44,9901,NA
"99","Don't Know",8,9909,NA
".","Missing",62,9971,NA
