"DED031.Code.or.Value","DED031.Value.Description","DED031.Count","DED031.Cumulative","DED031.Skip.to.Item"
"1","Get a severe sunburn with blisters",69,69,NA
"2","A severe sunburn for a few days with peeling",302,371,NA
"3","Mildly burned with some tanning",993,1364,NA
"4","Turning darker without a sunburn",937,2301,NA
"5","Nothing would happen in half an hour",1585,3886,NA
"6","Other",35,3921,NA
"77","Refused",1,3922,NA
"99","Don't know",5,3927,NA
".","Missing",1,3928,NA
