"ECQ040.Code.or.Value","ECQ040.Value.Description","ECQ040.Count","ECQ040.Cumulative","ECQ040.Skip.to.Item"
"1","First month",57,57,NA
"2","Second month",30,87,NA
"3","Third month",39,126,NA
"4","Fourth month",27,153,NA
"5","Fifth month",13,166,NA
"6","Sixth month",16,182,NA
"7","Seventh month",14,196,NA
"8","Eighth month",9,205,NA
"9","Ninth month",3,208,NA
"77","Refused",0,208,NA
"99","Don't know",6,214,NA
".","Missing",3995,4209,NA
