"FCX28DI.Code.or.Value","FCX28DI.Value.Description","FCX28DI.Count","FCX28DI.Cumulative","FCX28DI.Skip.to.Item"
"0","Normal",655,655,NA
"1","Very mild",275,930,NA
"2","Mild",137,1067,NA
"3","Moderate",132,1199,NA
"4","Severe",5,1204,NA
"5","Questionable",192,1396,NA
"8","Non-fluoride opacities",2,1398,NA
"9","Cannot be assessed",1018,2416,NA
".","Missing",86,2502,NA
