"FCX28DI.Code.or.Value","FCX28DI.Value.Description","FCX28DI.Count","FCX28DI.Cumulative","FCX28DI.Skip.to.Item"
"0","Normal",173,173,NA
"1","Very mild",592,765,NA
"2","Mild",351,1116,NA
"3","Moderate",163,1279,NA
"4","Severe",1,1280,NA
"5","Questionable",285,1565,NA
"8","Non-fluoride opacities",4,1569,NA
"9","Cannot be assessed",1082,2651,NA
".","Missing",52,2703,NA
