"FCX11DI.Code.or.Value","FCX11DI.Value.Description","FCX11DI.Count","FCX11DI.Cumulative","FCX11DI.Skip.to.Item"
"0","Normal",714,714,NA
"1","Very mild",214,928,NA
"2","Mild",73,1001,NA
"3","Moderate",57,1058,NA
"4","Severe",6,1064,NA
"5","Questionable",180,1244,NA
"8","Non-fluoride opacities",7,1251,NA
"9","Cannot be assessed",1166,2417,NA
".","Missing",85,2502,NA
