"FCX30DI.Code.or.Value","FCX30DI.Value.Description","FCX30DI.Count","FCX30DI.Cumulative","FCX30DI.Skip.to.Item"
"0","Normal",593,593,NA
"1","Very mild",1540,2133,NA
"2","Mild",184,2317,NA
"3","Moderate",27,2344,NA
"4","Severe",5,2349,NA
"5","Questionable",478,2827,NA
"8","Non-fluoride opacities",25,2852,NA
"9","Cannot be assessed",582,3434,NA
".","Missing",44,3478,NA
