"FCX31DI.Code.or.Value","FCX31DI.Value.Description","FCX31DI.Count","FCX31DI.Cumulative","FCX31DI.Skip.to.Item"
"0","Normal",339,339,NA
"1","Very mild",1079,1418,NA
"2","Mild",157,1575,NA
"3","Moderate",8,1583,NA
"4","Severe",2,1585,NA
"5","Questionable",266,1851,NA
"8","Non-fluoride opacities",8,1859,NA
"9","Cannot be assessed",1575,3434,NA
".","Missing",44,3478,NA
