"FCX18DI.Code.or.Value","FCX18DI.Value.Description","FCX18DI.Count","FCX18DI.Cumulative","FCX18DI.Skip.to.Item"
"0","Normal",360,360,NA
"1","Very mild",1073,1433,NA
"2","Mild",146,1579,NA
"3","Moderate",13,1592,NA
"4","Severe",2,1594,NA
"5","Questionable",268,1862,NA
"8","Non-fluoride opacities",10,1872,NA
"9","Cannot be assessed",1562,3434,NA
".","Missing",44,3478,NA
