"FCX05DI.Code.or.Value","FCX05DI.Value.Description","FCX05DI.Count","FCX05DI.Cumulative","FCX05DI.Skip.to.Item"
"0","Normal",234,234,NA
"1","Very mild",486,720,NA
"2","Mild",340,1060,NA
"3","Moderate",148,1208,NA
"4","Severe",2,1210,NA
"5","Questionable",343,1553,NA
"8","Non-fluoride opacities",1,1554,NA
"9","Cannot be assessed",1097,2651,NA
".","Missing",52,2703,NA
