"FCX09DI.Code.or.Value","FCX09DI.Value.Description","FCX09DI.Count","FCX09DI.Cumulative","FCX09DI.Skip.to.Item"
"0","Normal",1197,1197,NA
"1","Very mild",387,1584,NA
"2","Mild",155,1739,NA
"3","Moderate",114,1853,NA
"4","Severe",16,1869,NA
"5","Questionable",143,2012,NA
"8","Non-fluoride opacities",40,2052,NA
"9","Cannot be assessed",360,2412,NA
".","Missing",90,2502,NA
