"FCX14DI.Code.or.Value","FCX14DI.Value.Description","FCX14DI.Count","FCX14DI.Cumulative","FCX14DI.Skip.to.Item"
"0","Normal",935,935,NA
"1","Very mild",427,1362,NA
"2","Mild",280,1642,NA
"3","Moderate",332,1974,NA
"4","Severe",22,1996,NA
"5","Questionable",146,2142,NA
"8","Non-fluoride opacities",6,2148,NA
"9","Cannot be assessed",264,2412,NA
".","Missing",90,2502,NA
