"FCX27DI.Code.or.Value","FCX27DI.Value.Description","FCX27DI.Count","FCX27DI.Cumulative","FCX27DI.Skip.to.Item"
"0","Normal",872,872,NA
"1","Very mild",185,1057,NA
"2","Mild",55,1112,NA
"3","Moderate",49,1161,NA
"4","Severe",4,1165,NA
"5","Questionable",232,1397,NA
"8","Non-fluoride opacities",5,1402,NA
"9","Cannot be assessed",1014,2416,NA
".","Missing",86,2502,NA
