"FCX06DI.Code.or.Value","FCX06DI.Value.Description","FCX06DI.Count","FCX06DI.Cumulative","FCX06DI.Skip.to.Item"
"0","Normal",433,433,NA
"1","Very mild",336,769,NA
"2","Mild",147,916,NA
"3","Moderate",45,961,NA
"4","Severe",2,963,NA
"5","Questionable",386,1349,NA
"8","Non-fluoride opacities",18,1367,NA
"9","Cannot be assessed",1284,2651,NA
".","Missing",52,2703,NA
