"KIQ480.Code.or.Value","KIQ480.Value.Description","KIQ480.Count","KIQ480.Cumulative","KIQ480.Skip.to.Item"
"0","0",1765,1765,NA
"1","1",1774,3539,NA
"2","2",995,4534,NA
"3","3",445,4979,NA
"4","4",133,5112,NA
"5","5 or more?",95,5207,NA
"7","Refused",2,5209,NA
"9","Don't know",16,5225,NA
".","Missing",710,5935,NA
