"KIQ480.Code.or.Value","KIQ480.Value.Description","KIQ480.Count","KIQ480.Cumulative","KIQ480.Skip.to.Item"
"0","0",1665,1665,NA
"1","1",2020,3685,NA
"2","2",916,4601,NA
"3","3",445,5046,NA
"4","4",152,5198,NA
"5","5 or more?",104,5302,NA
"7","Refused",1,5303,NA
"9","Don't know",12,5315,NA
".","Missing",903,6218,NA
