"KIQ480.Code.or.Value","KIQ480.Value.Description","KIQ480.Count","KIQ480.Cumulative","KIQ480.Skip.to.Item"
"0","0",1407,1407,NA
"1","1",1850,3257,NA
"2","2",928,4185,NA
"3","3",486,4671,NA
"4","4",165,4836,NA
"5","5 or more",108,4944,NA
"7","Refused",2,4946,NA
"9","Don't know",5,4951,NA
".","Missing",768,5719,NA
