"OCQ260.Code.or.Value","OCQ260.Value.Description","OCQ260.Count","OCQ260.Cumulative","OCQ260.Skip.to.Item"
"1","An employee of a private company, business, or individual for wages, salary, or commission.",2591,2591,NA
"2","A federal government employee",81,2672,NA
"3","A state government employee",198,2870,NA
"4","A local government employee",219,3089,NA
"5","Self-employed in own business, professional practice or farm.",362,3451,NA
"6","Working without pay in family business or farm",10,3461,NA
"77","Refused",1,3462,NA
"99","Don't know",9,3471,NA
".","Missing",3075,6546,NA
