"OCQ380.Code.or.Value","OCQ380.Value.Description","OCQ380.Count","OCQ380.Cumulative","OCQ380.Skip.to.Item"
"1","Taking care of house or family",485,485,NA
"2","Going to school",470,955,NA
"3","Retired",972,1927,NA
"4","Unable to work for health reasons",206,2133,NA
"5","On layoff",28,2161,NA
"6","Disabled",213,2374,NA
"7","Other",216,2590,NA
"77","Refused",1,2591,NA
"99","Don't know",0,2591,NA
".","Missing",3548,6139,NA
