"OCQ260.Code.or.Value","OCQ260.Value.Description","OCQ260.Count","OCQ260.Cumulative","OCQ260.Skip.to.Item"
"1","An employee of a private company, business, or individual for wages, salary, or commission.",2550,2550,NA
"2","A federal government employee",88,2638,NA
"3","A state government employee",197,2835,NA
"4","A local government employee",205,3040,NA
"5","Self-employed in own business, professional practice or farm.",285,3325,NA
"6","Working without pay in family business or farm",15,3340,NA
"77","Refused",1,3341,NA
"99","Don't know",16,3357,NA
".","Missing",2782,6139,NA
