"OCQ380.Code.or.Value","OCQ380.Value.Description","OCQ380.Count","OCQ380.Cumulative","OCQ380.Skip.to.Item"
"1","Taking care of house or family",520,520,NA
"2","Going to school",466,986,NA
"3","Retired",1130,2116,NA
"4","Unable to work for health reasons",195,2311,NA
"5","On layoff",52,2363,NA
"6","Disabled",259,2622,NA
"7","Other",263,2885,NA
"77","Refused",1,2886,NA
"99","Don't know",1,2887,NA
".","Missing",4408,7295,NA
