"OCQ260.Code.or.Value","OCQ260.Value.Description","OCQ260.Count","OCQ260.Cumulative","OCQ260.Skip.to.Item"
"1","An employee of a private company, business, or individual for wages, salary, or commission.",2376,2376,NA
"2","A federal government employee",93,2469,NA
"3","A state government employee",196,2665,NA
"4","A local government employee",190,2855,NA
"5","Self-employed in own business, professional practice or farm.",346,3201,NA
"6","Working without pay in family business or farm",25,3226,NA
"77","Refused",6,3232,NA
"99","Don't know",31,3263,NA
".","Missing",2898,6161,NA
