"OHX11DI.Code.or.Value","OHX11DI.Value.Description","OHX11DI.Count","OHX11DI.Cumulative","OHX11DI.Skip.to.Item"
"0","Normal",2355,2355,NA
"1","Very mild",588,2943,NA
"2","Mild",89,3032,NA
"3","Moderate",26,3058,NA
"4","Severe",3,3061,NA
"5","Questionable",888,3949,NA
"8","Non-fluoride opacities",8,3957,NA
"9","Cannot be assessed",1318,5275,NA
".","Missing",3572,8847,NA
