"OHX26DI.Code.or.Value","OHX26DI.Value.Description","OHX26DI.Count","OHX26DI.Cumulative","OHX26DI.Skip.to.Item"
"0","Normal",4865,4865,NA
"1","Very mild",252,5117,NA
"2","Mild",49,5166,NA
"3","Moderate",11,5177,NA
"4","Severe",2,5179,NA
"5","Questionable",178,5357,NA
"8","Non-fluoride opacities",30,5387,NA
"9","Cannot be assessed",548,5935,NA
".","Missing",3663,9598,NA
