"OHX15DI.Code.or.Value","OHX15DI.Value.Description","OHX15DI.Count","OHX15DI.Cumulative","OHX15DI.Skip.to.Item"
"0","Normal",1302,1302,NA
"1","Very mild",665,1967,NA
"2","Mild",216,2183,NA
"3","Moderate",55,2238,NA
"4","Severe",6,2244,NA
"5","Questionable",1148,3392,NA
"8","Non-fluoride opacities",2,3394,NA
"9","Cannot be assessed",1881,5275,NA
".","Missing",3572,8847,NA
