"OHX09DI.Code.or.Value","OHX09DI.Value.Description","OHX09DI.Count","OHX09DI.Cumulative","OHX09DI.Skip.to.Item"
"0","Normal",3120,3120,NA
"1","Very mild",522,3642,NA
"2","Mild",110,3752,NA
"3","Moderate",29,3781,NA
"4","Severe",4,3785,NA
"5","Questionable",749,4534,NA
"8","Non-fluoride opacities",68,4602,NA
"9","Cannot be assessed",673,5275,NA
".","Missing",3572,8847,NA
