"OHX29DI.Code.or.Value","OHX29DI.Value.Description","OHX29DI.Count","OHX29DI.Cumulative","OHX29DI.Skip.to.Item"
"0","Normal",3112,3112,NA
"1","Very mild",498,3610,NA
"2","Mild",122,3732,NA
"3","Moderate",23,3755,NA
"4","Severe",1,3756,NA
"5","Questionable",619,4375,NA
"8","Non-fluoride opacities",5,4380,NA
"9","Cannot be assessed",1556,5936,NA
".","Missing",3662,9598,NA
