"OHX22DI.Code.or.Value","OHX22DI.Value.Description","OHX22DI.Count","OHX22DI.Cumulative","OHX22DI.Skip.to.Item"
"0","Normal",3562,3562,NA
"1","Very mild",562,4124,NA
"2","Mild",118,4242,NA
"3","Moderate",149,4391,NA
"4","Severe",16,4407,NA
"5","Questionable",38,4445,NA
"8","Non-fluoride opacities",41,4486,NA
"9","Cannot be assessed",848,5334,NA
".","Missing",3253,8587,NA
