"OHX24DI.Code.or.Value","OHX24DI.Value.Description","OHX24DI.Count","OHX24DI.Cumulative","OHX24DI.Skip.to.Item"
"0","Normal",5056,5056,NA
"1","Very mild",234,5290,NA
"2","Mild",50,5340,NA
"3","Moderate",13,5353,NA
"4","Severe",1,5354,NA
"5","Questionable",164,5518,NA
"8","Non-fluoride opacities",44,5562,NA
"9","Cannot be assessed",373,5935,NA
".","Missing",3663,9598,NA
