"OHX20DI.Code.or.Value","OHX20DI.Value.Description","OHX20DI.Count","OHX20DI.Cumulative","OHX20DI.Skip.to.Item"
"0","Normal",3113,3113,NA
"1","Very mild",498,3611,NA
"2","Mild",121,3732,NA
"3","Moderate",22,3754,NA
"4","Severe",1,3755,NA
"5","Questionable",621,4376,NA
"8","Non-fluoride opacities",9,4385,NA
"9","Cannot be assessed",1550,5935,NA
".","Missing",3663,9598,NA
