"OHX21DI.Code.or.Value","OHX21DI.Value.Description","OHX21DI.Count","OHX21DI.Cumulative","OHX21DI.Skip.to.Item"
"0","Normal",3158,3158,NA
"1","Very mild",663,3821,NA
"2","Mild",184,4005,NA
"3","Moderate",170,4175,NA
"4","Severe",17,4192,NA
"5","Questionable",34,4226,NA
"8","Non-fluoride opacities",29,4255,NA
"9","Cannot be assessed",1079,5334,NA
".","Missing",3253,8587,NA
