"OHX09TR.Code.or.Value","OHX09TR.Value.Description","OHX09TR.Count","OHX09TR.Cumulative","OHX09TR.Skip.to.Item"
"0","No evidence of traumatic injury",3770,3770,NA
"1","Unrestored enamel fracture present that does not involve the dentine",199,3969,NA
"2","Unrestored enamel fracture which involves the dentine",30,3999,NA
"3","Untreated damage (indicative of pulpal involvement)",7,4006,NA
"4","Fracture restored, either with full crown or less extensive restoration",104,4110,NA
"5","Lingual restoration as a sign of endontic therapy, and a positive history of root",16,4126,NA
"6","Tooth is missing due to trauma",6,4132,NA
"9","Cannot be assessed",214,4346,NA
".","Missing",5252,9598,NA
