"PAQ715.Code.or.Value","PAQ715.Value.Description","PAQ715.Count","PAQ715.Cumulative","PAQ715.Skip.to.Item"
"0","Less than 1 hour,",2001,2001,NA
"1","1 hour,",1530,3531,NA
"2","2 hours,",1316,4847,NA
"3","3 hours,",574,5421,NA
"4","4 hours, or",350,5771,NA
"5","5 hours or more, or",588,6359,NA
"8","{you do not/SP does not} use a computer outside of school",2844,9203,NA
"77","Refused",0,9203,NA
"99","Don't know",6,9209,NA
".","Missing",46,9255,NA
