"PAQ710.Code.or.Value","PAQ710.Value.Description","PAQ710.Count","PAQ710.Cumulative","PAQ710.Skip.to.Item"
"0","Less than 1 hour,",1175,1175,NA
"1","1 hour,",1616,2791,NA
"2","2 hours,",2389,5180,NA
"3","3 hours,",1533,6713,NA
"4","4 hours,",884,7597,NA
"5","5 hours or more, or",1275,8872,NA
"8","{You do/SP does} not watch TV or videos",193,9065,NA
"77","REFUSED",1,9066,NA
"99","DON'T KNOW",12,9078,NA
".","Missing",29,9107,NA
