"PAD590.Code.or.Value","PAD590.Value.Description","PAD590.Count","PAD590.Cumulative","PAD590.Skip.to.Item"
"0","Less than 1 hour,",347,347,NA
"1","1 hour,",694,1041,NA
"2","2 hours,",967,2008,NA
"3","3 hours,",588,2596,NA
"4","4 hours, or",310,2906,NA
"5","5 hours or more?",404,3310,NA
"6","None",64,3374,NA
"77","Refused",0,3374,NA
"99","Don't know",9,3383,NA
".","Missing",6711,10094,NA
