"PAQ678.Code.or.Value","PAQ678.Value.Description","PAQ678.Count","PAQ678.Cumulative","PAQ678.Skip.to.Item"
"0","0 days",165,165,NA
"1","1 day",80,245,NA
"2","2 days",101,346,NA
"3","3 days",98,444,NA
"4","4 days",37,481,NA
"5","5 days",105,586,NA
"6","6 days",18,604,NA
"7","7 days",31,635,NA
"77","Refused",0,635,NA
"99","Don't know",0,635,NA
".","Missing",8620,9255,NA
