"RHQ070.Code.or.Value","RHQ070.Value.Description","RHQ070.Count","RHQ070.Cumulative","RHQ070.Skip.to.Item"
"1","Younger than 30",4,4,NA
"2","30 to 34",5,9,NA
"3","35 to 39",8,17,NA
"4","40 to 44",9,26,NA
"5","45 to 49",12,38,NA
"6","50 to 54, or",15,53,NA
"7","55 or older?",9,62,NA
"77","Refused",0,62,NA
"99","Don't know",11,73,NA
".","Missing",3672,3745,NA
