"RHQ070.Code.or.Value","RHQ070.Value.Description","RHQ070.Count","RHQ070.Cumulative","RHQ070.Skip.to.Item"
"1","Younger than 30",1,1,NA
"2","30 to 34",2,3,NA
"3","35 to 39",3,6,NA
"4","40 to 44",7,13,NA
"5","45 to 49",15,28,NA
"6","50 to 54",9,37,NA
"7","55 or older",5,42,NA
"77","Refused",0,42,NA
"99","Don't know",10,52,NA
".","Missing",3234,3286,NA
