"SMD480.Code.or.Value","SMD480.Value.Description","SMD480.Count","SMD480.Cumulative","SMD480.Skip.to.Item"
"0","0",98,98,NA
"1","1",179,277,NA
"2","2",230,507,NA
"3","3",49,556,NA
"4","4",35,591,NA
"5","5",27,618,NA
"6","6",7,625,NA
"7","7",679,1304,NA
"77","Refused",0,1304,NA
"99","Don't know",3,1307,NA
".","Missing",8868,10175,NA
