"SXQ610.Code.or.Value","SXQ610.Value.Description","SXQ610.Count","SXQ610.Cumulative","SXQ610.Skip.to.Item"
"0","Never",73,73,NA
"1","Once",66,139,NA
"2","2-11 times",432,571,NA
"3","12-51 times",782,1353,NA
"4","52-103 times",525,1878,NA
"5","104-364 times",363,2241,NA
"6","365 times or more",26,2267,NA
"77","Refused",8,2275,NA
"99","Don't know",5,2280,NA
".","Missing",1005,3285,NA
