"VIQ050E.Code.or.Value","VIQ050E.Value.Description","VIQ050E.Count","VIQ050E.Cumulative","VIQ050E.Skip.to.Item"
"1","No difficulty",2092,2092,NA
"2","A little difficulty",251,2343,NA
"3","Moderate difficulty",100,2443,NA
"4","Extreme difficulty",45,2488,NA
"5","Unable to do because of eyesight",25,2513,NA
"6","Does not do this for other reasons",31,2544,NA
"77","Refused",2,2546,NA
"99","Don't know",12,2558,NA
".","Missing",5,2563,NA
