"VIQ050C.Code.or.Value","VIQ050C.Value.Description","VIQ050C.Count","VIQ050C.Cumulative","VIQ050C.Skip.to.Item"
"1","No difficulty",1670,1670,NA
"2","A little difficulty",353,2023,NA
"3","Moderate difficulty",141,2164,NA
"4","Extreme difficulty",94,2258,NA
"5","Unable to do because of eyesight",50,2308,NA
"6","Does not do this for other reasons",101,2409,NA
"77","Refused",3,2412,NA
"99","Don't know",6,2418,NA
".","Missing",2,2420,NA
