"VIDRVA.Code.or.Value","VIDRVA.Value.Description","VIDRVA.Count","VIDRVA.Cumulative","VIDRVA.Skip.to.Item"
"20","20/20",2583,2583,NA
"25","20/25",1730,4313,NA
"30","20/30",656,4969,NA
"40","20/40",319,5288,NA
"50","20/50",704,5992,NA
"60","20/60",89,6081,NA
"80","20/80",115,6196,NA
"200","20/200",188,6384,NA
"666","20/200+",57,6441,NA
".","Missing",476,6917,NA
