"VIDROVA.Code.or.Value","VIDROVA.Value.Description","VIDROVA.Count","VIDROVA.Cumulative","VIDROVA.Skip.to.Item"
"25","20/25",1396,1396,NA
"30","20/30",154,1550,NA
"40","20/40",103,1653,NA
"50","20/50",226,1879,NA
"60","20/60",21,1900,NA
"80","20/80",31,1931,NA
"200","20/200",59,1990,NA
"666","20/200+",21,2011,NA
".","Missing",4906,6917,NA
