"VIDLVA.Code.or.Value","VIDLVA.Value.Description","VIDLVA.Count","VIDLVA.Cumulative","VIDLVA.Skip.to.Item"
"20","20/20",2930,2930,NA
"25","20/25",1610,4540,NA
"30","20/30",630,5170,NA
"40","20/40",258,5428,NA
"50","20/50",611,6039,NA
"60","20/60",88,6127,NA
"80","20/80",104,6231,NA
"200","20/200",173,6404,NA
"666","20/200+",74,6478,NA
".","Missing",502,6980,NA
