"VIDRVA.Code.or.Value","VIDRVA.Value.Description","VIDRVA.Count","VIDRVA.Cumulative","VIDRVA.Skip.to.Item"
"20","20/20",2928,2928,NA
"25","20/25",1552,4480,NA
"30","20/30",533,5013,NA
"40","20/40",294,5307,NA
"50","20/50",601,5908,NA
"60","20/60",96,6004,NA
"80","20/80",103,6107,NA
"200","20/200",140,6247,NA
"666","20/200+",109,6356,NA
"888","Could not obtain",0,6356,NA
".","Missing",402,6758,NA
