"VIDLOVA.Code.or.Value","VIDLOVA.Value.Description","VIDLOVA.Count","VIDLOVA.Cumulative","VIDLOVA.Skip.to.Item"
"25","20/25",1475,1475,NA
"30","20/30",89,1564,NA
"40","20/40",90,1654,NA
"50","20/50",198,1852,NA
"60","20/60",15,1867,NA
"80","20/80",25,1892,NA
"200","20/200",47,1939,NA
"666","20/200+",44,1983,NA
"888","Could not obtain",0,1983,NA
".","Missing",5462,7445,NA
