"ALQ010.Code.or.Value","ALQ010.Value.Description","ALQ010.Count","ALQ010.Cumulative","ALQ010.Skip.to.Item"
"1","I have never had a drink of alcohol, other than a few sips",56,56,"End of Section"
"2","8 years old or younger",8,64,""
"3","9 or 10 years old",7,71,""
"4","11 or 12 years old",8,79,""
"5","13 or 14 years old",36,115,""
"6","15 or 16 years old",69,184,""
"7","17 years old or older",80,264,""
"77","Refused",1,265,""
"99","Don't know",1,266,""
".","Missing",35,301,""
