"AUAFMANL.Code.or.Value","AUAFMANL.Value.Description","AUAFMANL.Count","AUAFMANL.Cumulative","AUAFMANL.Skip.to.Item"
"1","None",2749,2749,NA
"2","500 Hz",6,2755,NA
"3","1000 Hz",25,2780,NA
"4","2000 Hz",17,2797,NA
"5","3000 Hz",5,2802,NA
"6","4000 Hz",12,2814,NA
"7","6000 Hz",25,2839,NA
"8","8000 Hz",82,2921,NA
".","Missing",210,3131,NA
