"BHQ010.Code.or.Value","BHQ010.Value.Description","BHQ010.Count","BHQ010.Cumulative","BHQ010.Skip.to.Item"
"1","2 or more times a day",521,521,NA
"2","Once a day",446,967,NA
"3","2 or more times a week",402,1369,NA
"4","Once a week",278,1647,NA
"5","1-3 times a month",613,2260,NA
"6","Never",3002,5262,NA
"77","Refused",1,5263,NA
"99","Don't know",15,5278,NA
".","Missing",781,6059,NA
