"BMAEXCMT.Code.or.Value","BMAEXCMT.Value.Description","BMAEXCMT.Count","BMAEXCMT.Cumulative","BMAEXCMT.Skip.to.Item"
"1","Safety exclusion",3,3,NA
"2","SP refusal",37,40,NA
"3","No time",4,44,NA
"4","Physical limitation",12,56,NA
"5","Communication problem",1,57,NA
"6","Equipment failure",28,85,NA
"7","SP ill/emergency",15,100,NA
"56","Came late/left early",14,114,NA
"99","Other, specify",24,138,NA
".","Missing",9144,9282,NA
