"CBQ140.Code.or.Value","CBQ140.Value.Description","CBQ140.Count","CBQ140.Cumulative","CBQ140.Skip.to.Item"
"1","More than once a week,",1281,1281,NA
"2","Once a week,",4645,5926,NA
"3","Once every two weeks, or",2835,8761,NA
"4","Once a month or less?",1446,10207,NA
"5","Rarely make any major shopping trips, only small trips",122,10329,NA
"6","Rarely shop for food",59,10388,NA
"77","Refused",15,10403,NA
"99","Don't know",24,10427,NA
".","Missing",110,10537,NA
