"CVXPARC.Code.or.Value","CVXPARC.Value.Description","CVXPARC.Count","CVXPARC.Cumulative","CVXPARC.Skip.to.Item"
"0","Little or no regular recreation, sport or physical activity and avoids walking or exertion",240,240,NA
"1","Little or no regular recreation, sport or physical activity but walks for pleasure and occasionally exercises",502,742,NA
"2","Participating regularly in recreation or work requiring modest physical activity for 10 to 60 minutes per week",626,1368,NA
"3","Participating regulalry in recreation or work requiring modest physical activity for more than 60 minutes per week",1071,2439,NA
"4","Participating regularly in heavy physical activity for less than 30 minutes per week",30,2469,NA
"5","Participating regularly in heavy physical activity for 30 - 60 minutes per week",93,2562,NA
"6","Participating regularly in heavy physical activity for 1 - 3 hours per week",202,2764,NA
"7","Participating regularly in heavy physical activity for more than 3 hours per week",450,3214,NA
".","Missing",1449,4663,NA
