"DEQ020.Code.or.Value","DEQ020.Value.Description","DEQ020.Count","DEQ020.Cumulative","DEQ020.Skip.to.Item"
"1","Red",125,125,NA
"2","Blonde",640,765,NA
"3","Light brown",1051,1816,NA
"4","Medium brown",1166,2982,NA
"5","Dark brown",2485,5467,NA
"6","Black",2883,8350,NA
"7","Other",39,8389,NA
"77","Refused",7,8396,NA
"99","Don't know",6,8402,NA
".","Missing",6,8408,NA
