"DIQ291.Code.or.Value","DIQ291.Value.Description","DIQ291.Count","DIQ291.Cumulative","DIQ291.Skip.to.Item"
"1","Less than 6",250,250,NA
"2","Less than 7",225,475,NA
"3","Less than 8",40,515,NA
"4","Less than 9",2,517,NA
"5","Less than 10",11,528,NA
"6","Provider did not specify goal",122,650,NA
"77","Refused",2,652,NA
"99","Don't know",97,749,NA
".","Missing",8148,8897,NA
