"DIQ290.Code.or.Value","DIQ290.Value.Description","DIQ290.Count","DIQ290.Cumulative","DIQ290.Skip.to.Item"
"1","6 or less",128,128,NA
"2","7 or less",92,220,NA
"3","8 or less",5,225,NA
"4","9 or less",5,230,NA
"5","10 or less",8,238,NA
"6","Provider did not specify goal",114,352,NA
"77","Refused",1,353,NA
"99","Don't know",160,513,NA
".","Missing",9153,9666,NA
