"ECQ040.Code.or.Value","ECQ040.Value.Description","ECQ040.Count","ECQ040.Cumulative","ECQ040.Skip.to.Item"
"1","First month",52,52,NA
"2","Second month",31,83,NA
"3","Third month",36,119,NA
"4","Fourth month",31,150,NA
"5","Fifth month",16,166,NA
"6","Sixth month",19,185,NA
"7","Seventh month",2,187,NA
"8","Eighth month",3,190,NA
"9","Ninth month",8,198,NA
"77","Refused",0,198,NA
"99","Don't know",4,202,NA
".","Missing",3401,3603,NA
