"ENXCMT.Code.or.Value","ENXCMT.Value.Description","ENXCMT.Count","ENXCMT.Cumulative","ENXCMT.Skip.to.Item"
"1","Safety exclusion",11,11,NA
"2","SP refusal",32,43,NA
"3","No time",46,89,NA
"4","Physical limitation",25,114,NA
"5","Communication problem",35,149,NA
"6","Equipment failure",8,157,NA
"7","SP ill/emergency",14,171,NA
"14","Interrupted",1,172,NA
"56","Came late/left early",225,397,NA
"84","SP with child",33,430,NA
"99","Other",17,447,NA
".","Missing",7048,7495,NA
