"FCX08DI.Code.or.Value","FCX08DI.Value.Description","FCX08DI.Count","FCX08DI.Cumulative","FCX08DI.Skip.to.Item"
"0","Normal",1374,1374,NA
"1","Very mild",398,1772,NA
"2","Mild",90,1862,NA
"3","Moderate",24,1886,NA
"4","Severe",1,1887,NA
"5","Questionable",989,2876,NA
"8","Non-fluoride opacities",59,2935,NA
"9","Cannot be assessed",499,3434,NA
".","Missing",44,3478,NA
