"FCX04DI.Code.or.Value","FCX04DI.Value.Description","FCX04DI.Count","FCX04DI.Cumulative","FCX04DI.Skip.to.Item"
"0","Normal",729,729,NA
"1","Very mild",405,1134,NA
"2","Mild",82,1216,NA
"3","Moderate",15,1231,NA
"4","Severe",1,1232,NA
"5","Questionable",994,2226,NA
"8","Non-fluoride opacities",8,2234,NA
"9","Cannot be assessed",1200,3434,NA
".","Missing",44,3478,NA
