"FCX19DI.Code.or.Value","FCX19DI.Value.Description","FCX19DI.Count","FCX19DI.Cumulative","FCX19DI.Skip.to.Item"
"0","Normal",650,650,NA
"1","Very mild",1534,2184,NA
"2","Mild",164,2348,NA
"3","Moderate",25,2373,NA
"4","Severe",7,2380,NA
"5","Questionable",462,2842,NA
"8","Non-fluoride opacities",25,2867,NA
"9","Cannot be assessed",567,3434,NA
".","Missing",44,3478,NA
