"FCX10DI.Code.or.Value","FCX10DI.Value.Description","FCX10DI.Count","FCX10DI.Cumulative","FCX10DI.Skip.to.Item"
"0","Normal",1189,1189,NA
"1","Very mild",401,1590,NA
"2","Mild",63,1653,NA
"3","Moderate",9,1662,NA
"4","Severe",2,1664,NA
"5","Questionable",875,2539,NA
"8","Non-fluoride opacities",37,2576,NA
"9","Cannot be assessed",858,3434,NA
".","Missing",44,3478,NA
