"FCX12DI.Code.or.Value","FCX12DI.Value.Description","FCX12DI.Count","FCX12DI.Cumulative","FCX12DI.Skip.to.Item"
"0","Normal",717,717,NA
"1","Very mild",429,1146,NA
"2","Mild",93,1239,NA
"3","Moderate",16,1255,NA
"4","Severe",1,1256,NA
"5","Questionable",1009,2265,NA
"8","Non-fluoride opacities",6,2271,NA
"9","Cannot be assessed",1163,3434,NA
".","Missing",44,3478,NA
