"FCX11DI.Code.or.Value","FCX11DI.Value.Description","FCX11DI.Count","FCX11DI.Cumulative","FCX11DI.Skip.to.Item"
"0","Normal",1014,1014,NA
"1","Very mild",301,1315,NA
"2","Mild",46,1361,NA
"3","Moderate",4,1365,NA
"4","Severe",1,1366,NA
"5","Questionable",800,2166,NA
"8","Non-fluoride opacities",15,2181,NA
"9","Cannot be assessed",1253,3434,NA
".","Missing",44,3478,NA
