"FCX15DI.Code.or.Value","FCX15DI.Value.Description","FCX15DI.Count","FCX15DI.Cumulative","FCX15DI.Skip.to.Item"
"0","Normal",328,328,NA
"1","Very mild",1097,1425,NA
"2","Mild",180,1605,NA
"3","Moderate",20,1625,NA
"4","Severe",3,1628,NA
"5","Questionable",309,1937,NA
"8","Non-fluoride opacities",4,1941,NA
"9","Cannot be assessed",1493,3434,NA
".","Missing",44,3478,NA
