"FCX14DI.Code.or.Value","FCX14DI.Value.Description","FCX14DI.Count","FCX14DI.Cumulative","FCX14DI.Skip.to.Item"
"0","Normal",530,530,NA
"1","Very mild",1585,2115,NA
"2","Mild",219,2334,NA
"3","Moderate",31,2365,NA
"4","Severe",5,2370,NA
"5","Questionable",535,2905,NA
"8","Non-fluoride opacities",21,2926,NA
"9","Cannot be assessed",508,3434,NA
".","Missing",44,3478,NA
