"FCX27DI.Code.or.Value","FCX27DI.Value.Description","FCX27DI.Count","FCX27DI.Cumulative","FCX27DI.Skip.to.Item"
"0","Normal",1420,1420,NA
"1","Very mild",189,1609,NA
"2","Mild",28,1637,NA
"3","Moderate",2,1639,NA
"4","Severe",2,1641,NA
"5","Questionable",714,2355,NA
"8","Non-fluoride opacities",15,2370,NA
"9","Cannot be assessed",1064,3434,NA
".","Missing",44,3478,NA
