"FCX24DI.Code.or.Value","FCX24DI.Value.Description","FCX24DI.Count","FCX24DI.Cumulative","FCX24DI.Skip.to.Item"
"0","Normal",2711,2711,NA
"1","Very mild",77,2788,NA
"2","Mild",15,2803,NA
"3","Moderate",2,2805,NA
"4","Severe",2,2807,NA
"5","Questionable",338,3145,NA
"8","Non-fluoride opacities",23,3168,NA
"9","Cannot be assessed",266,3434,NA
".","Missing",44,3478,NA
