"FCX23DI.Code.or.Value","FCX23DI.Value.Description","FCX23DI.Count","FCX23DI.Cumulative","FCX23DI.Skip.to.Item"
"0","Normal",2526,2526,NA
"1","Very mild",85,2611,NA
"2","Mild",14,2625,NA
"3","Moderate",1,2626,NA
"4","Severe",2,2628,NA
"5","Questionable",348,2976,NA
"8","Non-fluoride opacities",18,2994,NA
"9","Cannot be assessed",440,3434,NA
".","Missing",44,3478,NA
