"FCX25DI.Code.or.Value","FCX25DI.Value.Description","FCX25DI.Count","FCX25DI.Cumulative","FCX25DI.Skip.to.Item"
"0","Normal",2696,2696,NA
"1","Very mild",84,2780,NA
"2","Mild",15,2795,NA
"3","Moderate",1,2796,NA
"4","Severe",1,2797,NA
"5","Questionable",336,3133,NA
"8","Non-fluoride opacities",27,3160,NA
"9","Cannot be assessed",274,3434,NA
".","Missing",44,3478,NA
