"FCX29DI.Code.or.Value","FCX29DI.Value.Description","FCX29DI.Count","FCX29DI.Cumulative","FCX29DI.Skip.to.Item"
"0","Normal",709,709,NA
"1","Very mild",358,1067,NA
"2","Mild",67,1134,NA
"3","Moderate",11,1145,NA
"4","Severe",2,1147,NA
"5","Questionable",1075,2222,NA
"8","Non-fluoride opacities",8,2230,NA
"9","Cannot be assessed",1204,3434,NA
".","Missing",44,3478,NA
