"HOD050.Code.or.Value","HOD050.Value.Description","HOD050.Count","HOD050.Cumulative","HOD050.Skip.to.Item"
"1","1",78,78,NA
"2","2",198,276,NA
"3","3",713,989,NA
"4","4",1693,2682,NA
"5","5",1848,4530,NA
"6","6",1562,6092,NA
"7","7",1115,7207,NA
"8","8",670,7877,NA
"9","9",415,8292,NA
"10","10",276,8568,NA
"11","11",79,8647,NA
"12","12",51,8698,NA
"13","13 or more",47,8745,NA
"777","Refused",8,8753,NA
"999","Don't know",27,8780,NA
".","Missing",474,9254,NA
