"HOD040.Code.or.Value","HOD040.Value.Description","HOD040.Count","HOD040.Cumulative","HOD040.Skip.to.Item"
"1","1990 to present",1305,1305,NA
"2","1978 to 1989",1302,2607,NA
"3","1960 to 1977",1903,4510,NA
"4","1950 to 1959",1077,5587,NA
"5","1940 to 1949",459,6046,NA
"6","Before 1940",1142,7188,NA
"77","Refused",18,7206,NA
"99","Don't know",2783,9989,NA
".","Missing",133,10122,NA
