"HOD011.Code.or.Value","HOD011.Value.Description","HOD011.Count","HOD011.Cumulative","HOD011.Skip.to.Item"
"1","Mobile home or trailer",711,711,"HOD040"
"2","One family house detached from any other house",5730,6441,"HOD040"
"3","One family house attached to one or more houses",919,7360,"HOD040"
"4","Apartment",2466,9826,""
"5","Something else",63,9889,"HOD040"
"6","Dormitory",95,9984,"HOD040"
"77","Refused",2,9986,"HOD040"
"99","Don't know",3,9989,"HOD040"
".","Missing",133,10122,""
