"LBXNST.Code.or.Value","LBXNST.Value.Description","LBXNST.Count","LBXNST.Cumulative","LBXNST.Skip.to.Item"
"1","HPV 22",2,2,NA
"2","HPV 32",0,2,NA
"3","HPV 38",1,3,NA
"4","HPV 44",9,12,NA
"5","HPV 74",3,15,NA
"6","HPV 85",2,17,NA
"7","HPV 87",0,17,NA
"8","HPV 91",1,18,NA
"9","HPV DL285",1,19,NA
"10","HPV IA06",1,20,NA
".","Missing",1839,1859,NA
