"OHQ848Q.Code.or.Value","OHQ848Q.Value.Description","OHQ848Q.Count","OHQ848Q.Cumulative","OHQ848Q.Skip.to.Item"
"1","1 time",843,843,NA
"2","2 times",1796,2639,NA
"3","3 times",118,2757,NA
"4","4 times",21,2778,NA
"5","5 times",9,2787,NA
"6","6 times",1,2788,NA
"7","7 times",1,2789,NA
"8","8 times",0,2789,NA
"9","9 or more times",1,2790,NA
"77","Refused",0,2790,NA
"99","Don't know",1,2791,NA
".","Missing",6106,8897,NA
