"OHX03DI.Code.or.Value","OHX03DI.Value.Description","OHX03DI.Count","OHX03DI.Cumulative","OHX03DI.Skip.to.Item"
"0","Normal",1880,1880,NA
"1","Very mild",817,2697,NA
"2","Mild",234,2931,NA
"3","Moderate",67,2998,NA
"4","Severe",8,3006,NA
"5","Questionable",1227,4233,NA
"8","Non-fluoride opacities",5,4238,NA
"9","Cannot be assessed",1037,5275,NA
".","Missing",3572,8847,NA
