"OHX06DI.Code.or.Value","OHX06DI.Value.Description","OHX06DI.Count","OHX06DI.Cumulative","OHX06DI.Skip.to.Item"
"0","Normal",2341,2341,NA
"1","Very mild",587,2928,NA
"2","Mild",90,3018,NA
"3","Moderate",26,3044,NA
"4","Severe",3,3047,NA
"5","Questionable",895,3942,NA
"8","Non-fluoride opacities",16,3958,NA
"9","Cannot be assessed",1317,5275,NA
".","Missing",3572,8847,NA
