"OHX14DI.Code.or.Value","OHX14DI.Value.Description","OHX14DI.Count","OHX14DI.Cumulative","OHX14DI.Skip.to.Item"
"0","Normal",1874,1874,NA
"1","Very mild",832,2706,NA
"2","Mild",245,2951,NA
"3","Moderate",66,3017,NA
"4","Severe",8,3025,NA
"5","Questionable",1214,4239,NA
"8","Non-fluoride opacities",3,4242,NA
"9","Cannot be assessed",1033,5275,NA
".","Missing",3572,8847,NA
