"OHX12DI.Code.or.Value","OHX12DI.Value.Description","OHX12DI.Count","OHX12DI.Cumulative","OHX12DI.Skip.to.Item"
"0","Normal",1763,1763,NA
"1","Very mild",766,2529,NA
"2","Mild",214,2743,NA
"3","Moderate",65,2808,NA
"4","Severe",6,2814,NA
"5","Questionable",1021,3835,NA
"8","Non-fluoride opacities",4,3839,NA
"9","Cannot be assessed",1436,5275,NA
".","Missing",3572,8847,NA
