"OHX24DI.Code.or.Value","OHX24DI.Value.Description","OHX24DI.Count","OHX24DI.Cumulative","OHX24DI.Skip.to.Item"
"0","Normal",4053,4053,NA
"1","Very mild",273,4326,NA
"2","Mild",45,4371,NA
"3","Moderate",12,4383,NA
"4","Severe",1,4384,NA
"5","Questionable",553,4937,NA
"8","Non-fluoride opacities",24,4961,NA
"9","Cannot be assessed",314,5275,NA
".","Missing",3572,8847,NA
