"OHX27DI.Code.or.Value","OHX27DI.Value.Description","OHX27DI.Count","OHX27DI.Cumulative","OHX27DI.Skip.to.Item"
"0","Normal",2941,2941,NA
"1","Very mild",539,3480,NA
"2","Mild",70,3550,NA
"3","Moderate",12,3562,NA
"4","Severe",3,3565,NA
"5","Questionable",763,4328,NA
"8","Non-fluoride opacities",5,4333,NA
"9","Cannot be assessed",942,5275,NA
".","Missing",3572,8847,NA
