"OHX23DI.Code.or.Value","OHX23DI.Value.Description","OHX23DI.Count","OHX23DI.Cumulative","OHX23DI.Skip.to.Item"
"0","Normal",3799,3799,NA
"1","Very mild",318,4117,NA
"2","Mild",42,4159,NA
"3","Moderate",12,4171,NA
"4","Severe",1,4172,NA
"5","Questionable",611,4783,NA
"8","Non-fluoride opacities",14,4797,NA
"9","Cannot be assessed",478,5275,NA
".","Missing",3572,8847,NA
