"PAQ677.Code.or.Value","PAQ677.Value.Description","PAQ677.Count","PAQ677.Cumulative","PAQ677.Skip.to.Item"
"0","0 days",85,85,NA
"1","1 day",63,148,NA
"2","2 days",79,227,NA
"3","3 days",79,306,NA
"4","4 days",58,364,NA
"5","5 days",173,537,NA
"6","6 days",35,572,NA
"7","7 days",60,632,NA
"77","Refused",0,632,NA
"99","Don't know",3,635,NA
".","Missing",8620,9255,NA
