"PAQ731.Code.or.Value","PAQ731.Value.Description","PAQ731.Count","PAQ731.Cumulative","PAQ731.Skip.to.Item"
"0","0 days",1535,1535,"PAQ677"
"1","1 day",193,1728,""
"2","2 days",166,1894,""
"3","3 days",99,1993,""
"4","4 days",38,2031,""
"5","5 days",32,2063,""
"6","6 days",3,2066,""
"7","7 days",103,2169,""
"77","Refused",0,2169,""
"99","Don't know",3,2172,""
".","Missing",7083,9255,""
