"PAXDAYD.Code.or.Value","PAXDAYD.Value.Description","PAXDAYD.Count","PAXDAYD.Cumulative","PAXDAYD.Skip.to.Item"
"1","1st day of wear",7776,7776,NA
"2","2nd day of wear",7769,15545,NA
"3","3rd day of wear",7732,23277,NA
"4","4th day of wear",7702,30979,NA
"5","5th day of wear",7671,38650,NA
"6","6th day of wear",7641,46291,NA
"7","7th day of wear",7610,53901,NA
"8","8th day of wear",7580,61481,NA
"9","9th day of wear",7537,69018,NA
"< blank >","Missing",0,69018,NA
