"SMD480.Code.or.Value","SMD480.Value.Description","SMD480.Count","SMD480.Cumulative","SMD480.Skip.to.Item"
"0","0",81,81,NA
"1","1",80,161,NA
"2","2",96,257,NA
"3","3",43,300,NA
"4","4",16,316,NA
"5","5",30,346,NA
"6","6",7,353,NA
"7","7",615,968,NA
"77","Refused",2,970,NA
"99","Don't know",0,970,NA
".","Missing",8284,9254,NA
