"VIDLVA.Code.or.Value","VIDLVA.Value.Description","VIDLVA.Count","VIDLVA.Cumulative","VIDLVA.Skip.to.Item"
"20","20/20",2549,2549,NA
"25","20/25",1718,4267,NA
"30","20/30",704,4971,NA
"40","20/40",308,5279,NA
"50","20/50",705,5984,NA
"60","20/60",117,6101,NA
"80","20/80",121,6222,NA
"200","20/200",168,6390,NA
"666","20/200+",62,6452,NA
".","Missing",465,6917,NA
