"VIDLOVA.Code.or.Value","VIDLOVA.Value.Description","VIDLOVA.Count","VIDLOVA.Cumulative","VIDLOVA.Skip.to.Item"
"25","20/25",1430,1430,NA
"30","20/30",142,1572,NA
"40","20/40",95,1667,NA
"50","20/50",253,1920,NA
"60","20/60",17,1937,NA
"80","20/80",31,1968,NA
"200","20/200",59,2027,NA
"666","20/200+",24,2051,NA
".","Missing",4866,6917,NA
