"VIQ055.Code.or.Value","VIQ055.Value.Description","VIQ055.Count","VIQ055.Cumulative","VIQ055.Skip.to.Item"
"1","No difficulty",1886,1886,NA
"2","A little difficulty",51,1937,NA
"3","Moderate difficulty",15,1952,NA
"4","Extreme difficulty",9,1961,NA
"5","Unable to do because of eyesight",73,2034,NA
"6","Does not do this for other reasons",270,2304,NA
"7","Never drove",251,2555,NA
"77","Refused",2,2557,NA
"99","Don't know",1,2558,NA
".","Missing",5,2563,NA
