"VIQ050C.Code.or.Value","VIQ050C.Value.Description","VIQ050C.Count","VIQ050C.Cumulative","VIQ050C.Skip.to.Item"
"1","No difficulty",1767,1767,NA
"2","A little difficulty",378,2145,NA
"3","Moderate difficulty",153,2298,NA
"4","Extreme difficulty",91,2389,NA
"5","Unable to do because of eyesight",55,2444,NA
"6","Does not do this for other reasons",107,2551,NA
"77","Refused",2,2553,NA
"99","Don't know",5,2558,NA
".","Missing",5,2563,NA
