"VIQ050D.Code.or.Value","VIQ050D.Value.Description","VIQ050D.Count","VIQ050D.Cumulative","VIQ050D.Skip.to.Item"
"1","No difficulty",2148,2148,NA
"2","A little difficulty",205,2353,NA
"3","Moderate difficulty",72,2425,NA
"4","Extreme difficulty",50,2475,NA
"5","Unable to do because of eyesight",35,2510,NA
"6","Does not do this for other reasons",36,2546,NA
"77","Refused",2,2548,NA
"99","Don't know",10,2558,NA
".","Missing",5,2563,NA
