"VIQ050A.Code.or.Value","VIQ050A.Value.Description","VIQ050A.Count","VIQ050A.Cumulative","VIQ050A.Skip.to.Item"
"1","No difficulty",1770,1770,NA
"2","A little difficulty",433,2203,NA
"3","Moderate difficulty",153,2356,NA
"4","Extreme difficulty",81,2437,NA
"5","Unable to do because of eyesight",65,2502,NA
"6","Does not do this for other reasons",53,2555,NA
"77","Refused",2,2557,NA
"99","Don't know",2,2559,NA
".","Missing",4,2563,NA
