"VIQ050A.Code.or.Value","VIQ050A.Value.Description","VIQ050A.Count","VIQ050A.Cumulative","VIQ050A.Skip.to.Item"
"1","No difficulty",1662,1662,NA
"2","A little difficulty",378,2040,NA
"3","Moderate difficulty",144,2184,NA
"4","Extreme difficulty",81,2265,NA
"5","Unable to do because of eyesight",82,2347,NA
"6","Does not do this for other reasons",67,2414,NA
"77","Refused",3,2417,NA
"99","Don't know",1,2418,NA
".","Missing",2,2420,NA
