"BAAEXCMT.Code.or.Value","BAAEXCMT.Value.Description","BAAEXCMT.Count","BAAEXCMT.Cumulative","BAAEXCMT.Skip.to.Item"
"1","Safety exclusion",84,84,NA
"2","SP refusal",19,103,NA
"3","No time",1,104,NA
"4","Physical limitation",14,118,NA
"5","Communication problem",2,120,NA
"7","SP ill/emergency",2,122,NA
"56","Came late/left early",31,153,NA
"99","Other, specify",11,164,NA
".","Missing",847,1011,NA
