"VIQ055.Code.or.Value","VIQ055.Value.Description","VIQ055.Count","VIQ055.Cumulative","VIQ055.Skip.to.Item"
"1","No difficulty",1691,1691,NA
"2","A little difficulty",66,1757,NA
"3","Moderate difficulty",19,1776,NA
"4","Extreme difficulty",5,1781,NA
"5","Unable to do because of eyesight",76,1857,NA
"6","Does not do this for other reasons",238,2095,NA
"7","Never drove",319,2414,NA
"77","Refused",3,2417,NA
"99","Don't know",1,2418,NA
".","Missing",2,2420,NA
