"DMDMARTL.Code.or.Value","DMDMARTL.Value.Description","DMDMARTL.Count","DMDMARTL.Cumulative","DMDMARTL.Skip.to.Item"
"1","Married",2485,2485,NA
"2","Widowed",475,2960,NA
"3","Divorced",378,3338,NA
"4","Separated",177,3515,NA
"5","Never married",2316,5831,NA
"6","Living with partner",232,6063,NA
"77","Refused",7,6070,NA
"99","Don't know",2,6072,NA
".","Missing",3893,9965,NA
