"VIQ050E.Code.or.Value","VIQ050E.Value.Description","VIQ050E.Count","VIQ050E.Cumulative","VIQ050E.Skip.to.Item"
"1","No difficulty",1926,1926,NA
"2","A little difficulty",252,2178,NA
"3","Moderate difficulty",97,2275,NA
"4","Extreme difficulty",61,2336,NA
"5","Unable to do because of eyesight",41,2377,NA
"6","Does not do this for other reasons",32,2409,NA
"77","Refused",3,2412,NA
"99","Don't know",6,2418,NA
".","Missing",2,2420,NA
