"RHQ070.Code.or.Value","RHQ070.Value.Description","RHQ070.Count","RHQ070.Cumulative","RHQ070.Skip.to.Item"
"1","Younger than 30",1,1,NA
"2","30 to 34",2,3,NA
"3","35 to 39",6,9,NA
"4","40 to 44",25,34,NA
"5","45 to 49",24,58,NA
"6","50 to 54, or",32,90,NA
"7","55 or older?",10,100,NA
"77","Refused",1,101,NA
"99","Don't know",10,111,NA
".","Missing",3406,3517,NA
