"OHX29DI.Code.or.Value","OHX29DI.Value.Description","OHX29DI.Count","OHX29DI.Cumulative","OHX29DI.Skip.to.Item"
"0","Normal",3094,3094,NA
"1","Very mild",663,3757,NA
"2","Mild",177,3934,NA
"3","Moderate",163,4097,NA
"4","Severe",20,4117,NA
"5","Questionable",34,4151,NA
"8","Non-fluoride opacities",15,4166,NA
"9","Cannot be assessed",1168,5334,NA
".","Missing",3253,8587,NA
