"OHX31DI.Code.or.Value","OHX31DI.Value.Description","OHX31DI.Count","OHX31DI.Cumulative","OHX31DI.Skip.to.Item"
"0","Normal",2790,2790,NA
"1","Very mild",614,3404,NA
"2","Mild",186,3590,NA
"3","Moderate",166,3756,NA
"4","Severe",29,3785,NA
"5","Questionable",19,3804,NA
"8","Non-fluoride opacities",14,3818,NA
"9","Cannot be assessed",1516,5334,NA
".","Missing",3253,8587,NA
