"OHX27DI.Code.or.Value","OHX27DI.Value.Description","OHX27DI.Count","OHX27DI.Cumulative","OHX27DI.Skip.to.Item"
"0","Normal",3587,3587,NA
"1","Very mild",541,4128,NA
"2","Mild",122,4250,NA
"3","Moderate",145,4395,NA
"4","Severe",18,4413,NA
"5","Questionable",33,4446,NA
"8","Non-fluoride opacities",32,4478,NA
"9","Cannot be assessed",856,5334,NA
".","Missing",3253,8587,NA
