"OHX04DI.Code.or.Value","OHX04DI.Value.Description","OHX04DI.Count","OHX04DI.Cumulative","OHX04DI.Skip.to.Item"
"0","Normal",3027,3027,NA
"1","Very mild",672,3699,NA
"2","Mild",198,3897,NA
"3","Moderate",177,4074,NA
"4","Severe",25,4099,NA
"5","Questionable",24,4123,NA
"8","Non-fluoride opacities",12,4135,NA
"9","Cannot be assessed",1199,5334,NA
".","Missing",3253,8587,NA
