"OHX05DI.Code.or.Value","OHX05DI.Value.Description","OHX05DI.Count","OHX05DI.Cumulative","OHX05DI.Skip.to.Item"
"0","Normal",2989,2989,NA
"1","Very mild",668,3657,NA
"2","Mild",198,3855,NA
"3","Moderate",179,4034,NA
"4","Severe",27,4061,NA
"5","Questionable",29,4090,NA
"8","Non-fluoride opacities",20,4110,NA
"9","Cannot be assessed",1224,5334,NA
".","Missing",3253,8587,NA
