"VIDLOVA.Code.or.Value","VIDLOVA.Value.Description","VIDLOVA.Count","VIDLOVA.Cumulative","VIDLOVA.Skip.to.Item"
"25","20/25",1317,1317,NA
"30","20/30",108,1425,NA
"40","20/40",77,1502,NA
"50","20/50",195,1697,NA
"60","20/60",14,1711,NA
"80","20/80",24,1735,NA
"200","20/200",45,1780,NA
"666","20/200+",34,1814,NA
"888","Could not obtain",0,1814,NA
".","Missing",4944,6758,NA
