"OHX12DI.Code.or.Value","OHX12DI.Value.Description","OHX12DI.Count","OHX12DI.Cumulative","OHX12DI.Skip.to.Item"
"0","Normal",2979,2979,NA
"1","Very mild",675,3654,NA
"2","Mild",209,3863,NA
"3","Moderate",175,4038,NA
"4","Severe",27,4065,NA
"5","Questionable",35,4100,NA
"8","Non-fluoride opacities",12,4112,NA
"9","Cannot be assessed",1222,5334,NA
".","Missing",3253,8587,NA
