"OHX14DI.Code.or.Value","OHX14DI.Value.Description","OHX14DI.Count","OHX14DI.Cumulative","OHX14DI.Skip.to.Item"
"0","Normal",3418,3418,NA
"1","Very mild",806,4224,NA
"2","Mild",251,4475,NA
"3","Moderate",193,4668,NA
"4","Severe",35,4703,NA
"5","Questionable",18,4721,NA
"8","Non-fluoride opacities",9,4730,NA
"9","Cannot be assessed",604,5334,NA
".","Missing",3253,8587,NA
