"DED021.Code.or.Value","DED021.Value.Description","DED021.Count","DED021.Cumulative","DED021.Skip.to.Item"
"1","Red",91,91,NA
"2","Blonde",363,454,NA
"3","Light brown",472,926,NA
"4","Medium brown",545,1471,NA
"5","Dark brown",943,2414,NA
"6","Black",1107,3521,NA
"7","Other",13,3534,NA
"77","Refused",1,3535,NA
"99","Don't know",4,3539,NA
".","Missing",0,3539,NA
