"OCQ260.Code.or.Value","OCQ260.Value.Description","OCQ260.Count","OCQ260.Cumulative","OCQ260.Skip.to.Item"
"1","An employee of a private company, business, or individual for wages, salary, or commission.",2709,2709,NA
"2","A federal government employee",72,2781,NA
"3","A state government employee",186,2967,NA
"4","A local government employee",188,3155,NA
"5","Self-employed in own business, professional practice or farm.",336,3491,NA
"6","Working without pay in family business or farm",8,3499,NA
"77","Refused",5,3504,NA
"99","Don't know",12,3516,NA
".","Missing",3118,6634,NA
