"OHD30CTC.Code.or.Value","OHD30CTC.Value.Description","OHD30CTC.Count","OHD30CTC.Cumulative","OHD30CTC.Skip.to.Item"
"E","Missing due to dental disease",839,839,NA
"M","Missing due to other causes",7,846,NA
"R","Missing due to dental disease but replaced",842,1688,NA
"S","Sound permanent tooth",3294,4982,NA
"U","Unerupted",912,5894,NA
"X","Missing due to other causes but replaced",4,5898,NA
"Y","Tooth present, condition cannot be assessed",5,5903,NA
"Z","Permanent tooth with surface condition (s)",3068,8971,NA
"< blank >","Missing",627,9598,NA
