"BAAEXCMT.Code.or.Value","BAAEXCMT.Value.Description","BAAEXCMT.Count","BAAEXCMT.Cumulative","BAAEXCMT.Skip.to.Item"
"1","Safety exclusion",302,302,NA
"2","SP refusal",96,398,NA
"3","No time",11,409,NA
"4","Physical limitation",52,461,NA
"5","Communication problem",8,469,NA
"7","SP ill/emergency",20,489,NA
"56","Came late/left early",124,613,NA
"99","Other, specify",73,686,NA
".","Missing",2498,3184,NA
