"OHX14DI.Code.or.Value","OHX14DI.Value.Description","OHX14DI.Count","OHX14DI.Cumulative","OHX14DI.Skip.to.Item"
"0","Normal",3122,3122,NA
"1","Very mild",687,3809,NA
"2","Mild",207,4016,NA
"3","Moderate",59,4075,NA
"4","Severe",10,4085,NA
"5","Questionable",840,4925,NA
"8","Non-fluoride opacities",28,4953,NA
"9","Cannot be assessed",983,5936,NA
".","Missing",3662,9598,NA
