"OHX03DI.Code.or.Value","OHX03DI.Value.Description","OHX03DI.Count","OHX03DI.Cumulative","OHX03DI.Skip.to.Item"
"0","Normal",3145,3145,NA
"1","Very mild",694,3839,NA
"2","Mild",208,4047,NA
"3","Moderate",54,4101,NA
"4","Severe",9,4110,NA
"5","Questionable",831,4941,NA
"8","Non-fluoride opacities",28,4969,NA
"9","Cannot be assessed",966,5935,NA
".","Missing",3663,9598,NA
