"SMQ660.Code.or.Value","SMQ660.Value.Description","SMQ660.Count","SMQ660.Cumulative","SMQ660.Skip.to.Item"
"1","Marlboro",175,175,NA
"2","Camel",31,206,NA
"3","Newport",111,317,NA
"4","Kool",5,322,NA
"5","Winston",2,324,NA
"6","Benson and Hedges",4,328,NA
"7","Salem",0,328,NA
"8","Some other brand",17,345,NA
"77","Refused",0,345,NA
"99","Don't know",1,346,NA
".","Missing",7099,7445,NA
