"OHX22DI.Code.or.Value","OHX22DI.Value.Description","OHX22DI.Count","OHX22DI.Cumulative","OHX22DI.Skip.to.Item"
"0","Normal",2918,2918,NA
"1","Very mild",545,3463,NA
"2","Mild",73,3536,NA
"3","Moderate",12,3548,NA
"4","Severe",3,3551,NA
"5","Questionable",771,4322,NA
"8","Non-fluoride opacities",12,4334,NA
"9","Cannot be assessed",941,5275,NA
".","Missing",3572,8847,NA
