"OHX21DI.Code.or.Value","OHX21DI.Value.Description","OHX21DI.Count","OHX21DI.Cumulative","OHX21DI.Skip.to.Item"
"0","Normal",1943,1943,NA
"1","Very mild",839,2782,NA
"2","Mild",205,2987,NA
"3","Moderate",46,3033,NA
"4","Severe",3,3036,NA
"5","Questionable",1059,4095,NA
"8","Non-fluoride opacities",6,4101,NA
"9","Cannot be assessed",1174,5275,NA
".","Missing",3572,8847,NA
