"RHQ070.Code.or.Value","RHQ070.Value.Description","RHQ070.Count","RHQ070.Cumulative","RHQ070.Skip.to.Item"
"1","Younger than 30",1,1,NA
"2","30 to 34",1,2,NA
"3","35 to 39",8,10,NA
"4","40 to 44",10,20,NA
"5","45 to 49",17,37,NA
"6","50 to 54, or",9,46,NA
"7","55 or older?",11,57,NA
"77","Refused",0,57,NA
"99","Don't know",8,65,NA
".","Missing",3499,3564,NA
