"SMQ660.Code.or.Value","SMQ660.Value.Description","SMQ660.Count","SMQ660.Cumulative","SMQ660.Skip.to.Item"
"1","Marlboro",144,144,NA
"2","Camel",19,163,NA
"3","Newport",101,264,NA
"4","Kool",14,278,NA
"5","Winston",1,279,NA
"6","Benson and Hedges",2,281,NA
"7","Salem",0,281,NA
"8","Some other brand",26,307,NA
"77","Refused",0,307,NA
"99","Don't know",3,310,NA
".","Missing",6680,6990,NA
