"OHX29DI.Code.or.Value","OHX29DI.Value.Description","OHX29DI.Count","OHX29DI.Cumulative","OHX29DI.Skip.to.Item"
"0","Normal",1855,1855,NA
"1","Very mild",751,2606,NA
"2","Mild",219,2825,NA
"3","Moderate",53,2878,NA
"4","Severe",1,2879,NA
"5","Questionable",1058,3937,NA
"8","Non-fluoride opacities",2,3939,NA
"9","Cannot be assessed",1336,5275,NA
".","Missing",3572,8847,NA
