"VIDLOVA.Code.or.Value","VIDLOVA.Value.Description","VIDLOVA.Count","VIDLOVA.Cumulative","VIDLOVA.Skip.to.Item"
"25","20/25",1343,1343,NA
"30","20/30",129,1472,NA
"40","20/40",84,1556,NA
"50","20/50",186,1742,NA
"60","20/60",18,1760,NA
"80","20/80",24,1784,NA
"200","20/200",34,1818,NA
"666","20/200+",34,1852,NA
".","Missing",5128,6980,NA
