"DBQ750.Code.or.Value","DBQ750.Value.Description","DBQ750.Count","DBQ750.Cumulative","DBQ750.Skip.to.Item"
"1","Always",877,877,NA
"2","Most of the time",1003,1880,NA
"3","Sometimes",1318,3198,NA
"4","Rarely",636,3834,NA
"5","Never",2018,5852,NA
"6","never seen",224,6076,NA
"77","Refused",2,6078,NA
"99","Don't know",2,6080,NA
".","Missing",4268,10348,NA
