"DUQ272.Code.or.Value","DUQ272.Value.Description","DUQ272.Count","DUQ272.Cumulative","DUQ272.Skip.to.Item"
"1","Once",65,65,NA
"2","2-5 times",139,204,NA
"3","6-19 times",123,327,NA
"4","20-49 times",104,431,NA
"5","50-99 times",64,495,NA
"6","100 times or more",78,573,NA
"77","Refused",4,577,NA
"99","Don't know",3,580,NA
".","Missing",2705,3285,NA
