"VIQ051C.Code.or.Value","VIQ051C.Value.Description","VIQ051C.Count","VIQ051C.Cumulative","VIQ051C.Skip.to.Item"
"1","No difficulty",4716,4716,NA
"2","A little difficulty",663,5379,NA
"3","Moderate difficulty",243,5622,NA
"4","Extreme difficulty",116,5738,NA
"5","Unable to do because of eyesight",39,5777,NA
"6","Does not do this for other reasons",148,5925,NA
"77","Refused",1,5926,NA
"99","Don't know",1,5927,NA
".","Missing",1246,7173,NA
