"BHQ010.Code.or.Value","BHQ010.Value.Description","BHQ010.Count","BHQ010.Cumulative","BHQ010.Skip.to.Item"
"1","2 or more times a day,",540,540,NA
"2","once a day,",453,993,NA
"3","2 or more times a week,",351,1344,NA
"4","once a week,",262,1606,NA
"5","1-3 times a month, or",590,2196,NA
"6","Never?",2960,5156,NA
"77","Refused",3,5159,NA
"99","Don't know",18,5177,NA
".","Missing",530,5707,NA
