"LBXHCG.Code.or.Value","LBXHCG.Value.Description","LBXHCG.Count","LBXHCG.Cumulative","LBXHCG.Skip.to.Item"
"1","Genotype 1a",28,28,NA
"2","Genotype 1b",12,40,NA
"3","Genotype 1 other than 1a/1b/or with subtype not determined",1,41,NA
"4","Genotype 2",10,51,NA
"5","Genotype 3",11,62,NA
"6","Genotype 4",1,63,NA
"7","Genotype 5",0,63,NA
"8","Genotype 6",1,64,NA
"9","Genotype undetermined",3,67,NA
".","Missing",8524,8591,NA
