"IND247.Code.or.Value","IND247.Value.Description","IND247.Count","IND247.Cumulative","IND247.Skip.to.Item"
"1","Less than $500",4245,4245,NA
"2","$501- $1000",225,4470,NA
"3","$1001-$2000",181,4651,NA
"4","$2001-$3000",69,4720,NA
"5","$3001-$4000",37,4757,NA
"6","$4001-$5000",18,4775,NA
"77","Refused",52,4827,NA
"99","Don't know",84,4911,NA
".","Missing",5626,10537,NA
