"FCX07DI.Code.or.Value","FCX07DI.Value.Description","FCX07DI.Count","FCX07DI.Cumulative","FCX07DI.Skip.to.Item"
"0","Normal",820,820,NA
"1","Very mild",586,1406,NA
"2","Mild",289,1695,NA
"3","Moderate",23,1718,NA
"4","Severe",4,1722,NA
"5","Questionable",55,1777,NA
"8","Non-fluoride opacities",36,1813,NA
"9","Cannot be assessed",656,2469,NA
".","Missing",63,2532,NA
