"FCX11DI.Code.or.Value","FCX11DI.Value.Description","FCX11DI.Count","FCX11DI.Cumulative","FCX11DI.Skip.to.Item"
"0","Normal",594,594,NA
"1","Very mild",407,1001,NA
"2","Mild",207,1208,NA
"3","Moderate",18,1226,NA
"4","Severe",2,1228,NA
"5","Questionable",32,1260,NA
"8","Non-fluoride opacities",26,1286,NA
"9","Cannot be assessed",1183,2469,NA
".","Missing",63,2532,NA
