"FCX06DI.Code.or.Value","FCX06DI.Value.Description","FCX06DI.Count","FCX06DI.Cumulative","FCX06DI.Skip.to.Item"
"0","Normal",734,734,NA
"1","Very mild",210,944,NA
"2","Mild",73,1017,NA
"3","Moderate",57,1074,NA
"4","Severe",7,1081,NA
"5","Questionable",156,1237,NA
"8","Non-fluoride opacities",12,1249,NA
"9","Cannot be assessed",1169,2418,NA
".","Missing",84,2502,NA
