"FCX25DI.Code.or.Value","FCX25DI.Value.Description","FCX25DI.Count","FCX25DI.Cumulative","FCX25DI.Skip.to.Item"
"0","Normal",1739,1739,NA
"1","Very mild",220,1959,NA
"2","Mild",82,2041,NA
"3","Moderate",70,2111,NA
"4","Severe",3,2114,NA
"5","Questionable",102,2216,NA
"8","Non-fluoride opacities",27,2243,NA
"9","Cannot be assessed",169,2412,NA
".","Missing",90,2502,NA
