"FCX29DI.Code.or.Value","FCX29DI.Value.Description","FCX29DI.Count","FCX29DI.Cumulative","FCX29DI.Skip.to.Item"
"0","Normal",578,578,NA
"1","Very mild",284,862,NA
"2","Mild",130,992,NA
"3","Moderate",169,1161,NA
"4","Severe",8,1169,NA
"5","Questionable",158,1327,NA
"8","Non-fluoride opacities",5,1332,NA
"9","Cannot be assessed",1085,2417,NA
".","Missing",85,2502,NA
