"FCX03DI.Code.or.Value","FCX03DI.Value.Description","FCX03DI.Count","FCX03DI.Cumulative","FCX03DI.Skip.to.Item"
"0","Normal",966,966,NA
"1","Very mild",426,1392,NA
"2","Mild",284,1676,NA
"3","Moderate",300,1976,NA
"4","Severe",26,2002,NA
"5","Questionable",146,2148,NA
"8","Non-fluoride opacities",7,2155,NA
"9","Cannot be assessed",257,2412,NA
".","Missing",90,2502,NA
