"FCX04DI.Code.or.Value","FCX04DI.Value.Description","FCX04DI.Count","FCX04DI.Cumulative","FCX04DI.Skip.to.Item"
"0","Normal",608,608,NA
"1","Very mild",243,851,NA
"2","Mild",150,1001,NA
"3","Moderate",132,1133,NA
"4","Severe",8,1141,NA
"5","Questionable",195,1336,NA
"8","Non-fluoride opacities",2,1338,NA
"9","Cannot be assessed",1079,2417,NA
".","Missing",85,2502,NA
