"FCX21DI.Code.or.Value","FCX21DI.Value.Description","FCX21DI.Count","FCX21DI.Cumulative","FCX21DI.Skip.to.Item"
"0","Normal",673,673,NA
"1","Very mild",265,938,NA
"2","Mild",138,1076,NA
"3","Moderate",122,1198,NA
"4","Severe",7,1205,NA
"5","Questionable",176,1381,NA
"8","Non-fluoride opacities",5,1386,NA
"9","Cannot be assessed",1030,2416,NA
".","Missing",86,2502,NA
