"FCX19DI.Code.or.Value","FCX19DI.Value.Description","FCX19DI.Count","FCX19DI.Cumulative","FCX19DI.Skip.to.Item"
"0","Normal",945,945,NA
"1","Very mild",379,1324,NA
"2","Mild",288,1612,NA
"3","Moderate",383,1995,NA
"4","Severe",20,2015,NA
"5","Questionable",122,2137,NA
"8","Non-fluoride opacities",7,2144,NA
"9","Cannot be assessed",268,2412,NA
".","Missing",90,2502,NA
