"FCX07DI.Code.or.Value","FCX07DI.Value.Description","FCX07DI.Count","FCX07DI.Cumulative","FCX07DI.Skip.to.Item"
"0","Normal",682,682,NA
"1","Very mild",499,1181,NA
"2","Mild",280,1461,NA
"3","Moderate",83,1544,NA
"4","Severe",3,1547,NA
"5","Questionable",259,1806,NA
"8","Non-fluoride opacities",30,1836,NA
"9","Cannot be assessed",815,2651,NA
".","Missing",52,2703,NA
