"PAQ731.Code.or.Value","PAQ731.Value.Description","PAQ731.Count","PAQ731.Cumulative","PAQ731.Skip.to.Item"
"0","0 days",1456,1456,"PAQ677"
"1","1 day",241,1697,""
"2","2 days",204,1901,""
"3","3 days",137,2038,""
"4","4 days",54,2092,""
"5","5 days",44,2136,""
"6","6 days",11,2147,""
"7","7 days",109,2256,""
"77","Refused",0,2256,""
"99","Don't know",1,2257,""
".","Missing",7227,9484,""
