"FCX22DI.Code.or.Value","FCX22DI.Value.Description","FCX22DI.Count","FCX22DI.Cumulative","FCX22DI.Skip.to.Item"
"0","Normal",321,321,NA
"1","Very mild",324,645,NA
"2","Mild",136,781,NA
"3","Moderate",38,819,NA
"4","Severe",1,820,NA
"5","Questionable",718,1538,NA
"8","Non-fluoride opacities",4,1542,NA
"9","Cannot be assessed",1109,2651,NA
".","Missing",52,2703,NA
