"DMDMARTL.Code.or.Value","DMDMARTL.Value.Description","DMDMARTL.Count","DMDMARTL.Cumulative","DMDMARTL.Skip.to.Item"
"1","Married",2965,2965,NA
"2","Widowed",436,3401,NA
"3","Divorced",659,4060,NA
"4","Separated",177,4237,NA
"5","Never married",1112,5349,NA
"6","Living with partner",417,5766,NA
"77","Refused",2,5768,NA
"99","Don't Know",1,5769,NA
".","Missing",4406,10175,NA
