"PAQ677.Code.or.Value","PAQ677.Value.Description","PAQ677.Count","PAQ677.Cumulative","PAQ677.Skip.to.Item"
"0","0 days",111,111,NA
"1","1 day",62,173,NA
"2","2 days",81,254,NA
"3","3 days",110,364,NA
"4","4 days",65,429,NA
"5","5 days",154,583,NA
"6","6 days",43,626,NA
"7","7 days",52,678,NA
"77","Refused",0,678,NA
"99","Don't know",1,679,NA
".","Missing",8805,9484,NA
