"SXQ610.Code.or.Value","SXQ610.Value.Description","SXQ610.Count","SXQ610.Cumulative","SXQ610.Skip.to.Item"
"0","Never",103,103,NA
"1","Once",139,242,NA
"2","2-11 times",646,888,NA
"3","12-51 times",966,1854,NA
"4","52-103 times",571,2425,NA
"5","104-364 times",361,2786,NA
"6","365 times or more",27,2813,NA
"77","Refused",4,2817,NA
"99","Don't know",8,2825,NA
".","Missing",2018,4843,NA
