"FCX06DI.Code.or.Value","FCX06DI.Value.Description","FCX06DI.Count","FCX06DI.Cumulative","FCX06DI.Skip.to.Item"
"0","Normal",1052,1052,NA
"1","Very mild",292,1344,NA
"2","Mild",40,1384,NA
"3","Moderate",3,1387,NA
"4","Severe",1,1388,NA
"5","Questionable",752,2140,NA
"8","Non-fluoride opacities",24,2164,NA
"9","Cannot be assessed",1270,3434,NA
".","Missing",44,3478,NA
