"HOD050.Code.or.Value","HOD050.Value.Description","HOD050.Count","HOD050.Cumulative","HOD050.Skip.to.Item"
"1","1",49,49,NA
"2","2",204,253,NA
"3","3",831,1084,NA
"4","4",1810,2894,NA
"5","5",2071,4965,NA
"6","6",1728,6693,NA
"7","7",1130,7823,NA
"8","8",773,8596,NA
"9","9",434,9030,NA
"10","10",323,9353,NA
"11","11",133,9486,NA
"12","12",71,9557,NA
"13","13 or more",51,9608,NA
"777","Refused",34,9642,NA
"999","Don't know",0,9642,NA
".","Missing",329,9971,NA
