"FCX13DI.Code.or.Value","FCX13DI.Value.Description","FCX13DI.Count","FCX13DI.Cumulative","FCX13DI.Skip.to.Item"
"0","Normal",662,662,NA
"1","Very mild",429,1091,NA
"2","Mild",111,1202,NA
"3","Moderate",17,1219,NA
"4","Severe",1,1220,NA
"5","Questionable",1017,2237,NA
"8","Non-fluoride opacities",10,2247,NA
"9","Cannot be assessed",1187,3434,NA
".","Missing",44,3478,NA
