"AUQ361.Code.or.Value","AUQ361.Value.Description","AUQ361.Count","AUQ361.Cumulative","AUQ361.Skip.to.Item"
"1","Less than 3 months",52,52,NA
"2","3 to 11 months",125,177,NA
"3","1 to 2 years",174,351,NA
"4","3 to 4 years",144,495,NA
"5","5 to 9 years",179,674,NA
"6","10 to14 years",99,773,NA
"7","15 or more years",234,1007,NA
"8","Not exposed",1,1008,NA
"77","Refused",0,1008,NA
"99","Don't know",1,1009,NA
".","Missing",8566,9575,NA
