"AUAFMANR.Code.or.Value","AUAFMANR.Value.Description","AUAFMANR.Count","AUAFMANR.Cumulative","AUAFMANR.Skip.to.Item"
"1","None",4226,4226,NA
"2","500 Hz",2,4228,NA
"3","1000 Hz",14,4242,NA
"4","2000 Hz",5,4247,NA
"5","3000 Hz",4,4251,NA
"6","4000 Hz",4,4255,NA
"7","6000 Hz",22,4277,NA
"8","8000 Hz",48,4325,NA
".","Missing",257,4582,NA
