"FCX22DI.Code.or.Value","FCX22DI.Value.Description","FCX22DI.Count","FCX22DI.Cumulative","FCX22DI.Skip.to.Item"
"0","Normal",1422,1422,NA
"1","Very mild",193,1615,NA
"2","Mild",33,1648,NA
"3","Moderate",2,1650,NA
"4","Severe",2,1652,NA
"5","Questionable",702,2354,NA
"8","Non-fluoride opacities",14,2368,NA
"9","Cannot be assessed",1066,3434,NA
".","Missing",44,3478,NA
