"DIQ291.Code.or.Value","DIQ291.Value.Description","DIQ291.Count","DIQ291.Cumulative","DIQ291.Skip.to.Item"
"1","Less than 6",213,213,NA
"2","Less than 7",182,395,NA
"3","Less than 8",32,427,NA
"4","Less than 9",5,432,NA
"5","Less than 10",9,441,NA
"6","Provider did not specify goal",88,529,NA
"77","Refused",2,531,NA
"99","Don't know",110,641,NA
".","Missing",8934,9575,NA
