"FCX03DI.Code.or.Value","FCX03DI.Value.Description","FCX03DI.Count","FCX03DI.Cumulative","FCX03DI.Skip.to.Item"
"0","Normal",563,563,NA
"1","Very mild",1593,2156,NA
"2","Mild",187,2343,NA
"3","Moderate",19,2362,NA
"4","Severe",3,2365,NA
"5","Questionable",552,2917,NA
"8","Non-fluoride opacities",18,2935,NA
"9","Cannot be assessed",499,3434,NA
".","Missing",44,3478,NA
