"PAQ706.Code.or.Value","PAQ706.Value.Description","PAQ706.Count","PAQ706.Cumulative","PAQ706.Skip.to.Item"
"0","0 days",163,163,NA
"1","1 day",123,286,NA
"2","2 days",162,448,NA
"3","3 days",225,673,NA
"4","4 days",186,859,NA
"5","5 days",394,1253,NA
"6","6 days",137,1390,NA
"7","7 days",1486,2876,NA
"77","Refused",1,2877,NA
"99","Don't know",8,2885,NA
".","Missing",6370,9255,NA
