"DMDMARTL.Code.or.Value","DMDMARTL.Value.Description","DMDMARTL.Count","DMDMARTL.Cumulative","DMDMARTL.Skip.to.Item"
"1","Married",2886,2886,NA
"2","Widowed",421,3307,NA
"3","Divorced",614,3921,NA
"4","Separated",192,4113,NA
"5","Never married",1048,5161,NA
"6","Living with partner",555,5716,NA
"77","Refused",2,5718,NA
"99","Don't Know",1,5719,NA
".","Missing",4252,9971,NA
