"HUQ051.Code.or.Value","HUQ051.Value.Description","HUQ051.Count","HUQ051.Cumulative","HUQ051.Skip.to.Item"
"0","None",1276,1276,""
"1","1",1945,3221,"HUQ071"
"2","2 to 3",2932,6153,"HUQ071"
"3","4 to 5",1421,7574,"HUQ071"
"4","6 to 7",587,8161,"HUQ071"
"5","8 to 9",266,8427,"HUQ071"
"6","10 to 12",396,8823,"HUQ071"
"7","13 to 15",128,8951,"HUQ071"
"8","16 or more",278,9229,"HUQ071"
"77","Refused",0,9229,"HUQ071"
"99","Don't know",25,9254,"HUQ071"
".","Missing",0,9254,""
