"LBXHCG.Code.or.Value","LBXHCG.Value.Description","LBXHCG.Count","LBXHCG.Cumulative","LBXHCG.Skip.to.Item"
"1","Genotype 1a",25,25,NA
"2","Genotype 1b",7,32,NA
"3","Gen 1 other than a/b/not determined",1,33,NA
"4","Genotype 2",6,39,NA
"5","Genotype 3",6,45,NA
"6","Genotype 4",1,46,NA
"7","Genotype 5",0,46,NA
"8","Genotype 6",1,47,NA
"9","Genotype undetermined",2,49,NA
".","Missing",7386,7435,NA
