"OHX11DI.Code.or.Value","OHX11DI.Value.Description","OHX11DI.Count","OHX11DI.Cumulative","OHX11DI.Skip.to.Item"
"0","Normal",3299,3299,NA
"1","Very mild",545,3844,NA
"2","Mild",139,3983,NA
"3","Moderate",155,4138,NA
"4","Severe",20,4158,NA
"5","Questionable",30,4188,NA
"8","Non-fluoride opacities",47,4235,NA
"9","Cannot be assessed",1099,5334,NA
".","Missing",3253,8587,NA
