"OHX28DI.Code.or.Value","OHX28DI.Value.Description","OHX28DI.Count","OHX28DI.Cumulative","OHX28DI.Skip.to.Item"
"0","Normal",3170,3170,NA
"1","Very mild",671,3841,NA
"2","Mild",175,4016,NA
"3","Moderate",166,4182,NA
"4","Severe",23,4205,NA
"5","Questionable",42,4247,NA
"8","Non-fluoride opacities",28,4275,NA
"9","Cannot be assessed",1059,5334,NA
".","Missing",3253,8587,NA
