"VIQ050D.Code.or.Value","VIQ050D.Value.Description","VIQ050D.Count","VIQ050D.Cumulative","VIQ050D.Skip.to.Item"
"1","No difficulty",1956,1956,NA
"2","A little difficulty",243,2199,NA
"3","Moderate difficulty",82,2281,NA
"4","Extreme difficulty",58,2339,NA
"5","Unable to do because of eyesight",33,2372,NA
"6","Does not do this for other reasons",34,2406,NA
"77","Refused",3,2409,NA
"99","Don't know",9,2418,NA
".","Missing",2,2420,NA
