"PAQ580.Code.or.Value","PAQ580.Value.Description","PAQ580.Count","PAQ580.Cumulative","PAQ580.Skip.to.Item"
"0","Less than 1 hour",1065,1065,NA
"1","1 hour",388,1453,NA
"2","2 hours",186,1639,NA
"3","3 hours",60,1699,NA
"4","4 hours",24,1723,NA
"5","5 or more?",43,1766,NA
"6","None",1310,3076,NA
"77","Refused",0,3076,NA
"99","Don't know",14,3090,NA
".","Missing",6098,9188,NA
