"OHX26DI.Code.or.Value","OHX26DI.Value.Description","OHX26DI.Count","OHX26DI.Cumulative","OHX26DI.Skip.to.Item"
"0","Normal",4114,4114,NA
"1","Very mild",499,4613,NA
"2","Mild",122,4735,NA
"3","Moderate",148,4883,NA
"4","Severe",14,4897,NA
"5","Questionable",18,4915,NA
"8","Non-fluoride opacities",27,4942,NA
"9","Cannot be assessed",392,5334,NA
".","Missing",3253,8587,NA
