"VIDROVA.Code.or.Value","VIDROVA.Value.Description","VIDROVA.Count","VIDROVA.Cumulative","VIDROVA.Skip.to.Item"
"25","20/25",1315,1315,NA
"30","20/30",93,1408,NA
"40","20/40",76,1484,NA
"50","20/50",187,1671,NA
"60","20/60",14,1685,NA
"80","20/80",21,1706,NA
"200","20/200",47,1753,NA
"666","20/200+",43,1796,NA
"888","Could not obtain",0,1796,NA
".","Missing",4962,6758,NA
