"OHX07DI.Code.or.Value","OHX07DI.Value.Description","OHX07DI.Count","OHX07DI.Cumulative","OHX07DI.Skip.to.Item"
"0","Normal",3602,3602,NA
"1","Very mild",615,4217,NA
"2","Mild",173,4390,NA
"3","Moderate",158,4548,NA
"4","Severe",19,4567,NA
"5","Questionable",24,4591,NA
"8","Non-fluoride opacities",78,4669,NA
"9","Cannot be assessed",665,5334,NA
".","Missing",3253,8587,NA
