"OHX10DI.Code.or.Value","OHX10DI.Value.Description","OHX10DI.Count","OHX10DI.Cumulative","OHX10DI.Skip.to.Item"
"0","Normal",3607,3607,NA
"1","Very mild",624,4231,NA
"2","Mild",177,4408,NA
"3","Moderate",150,4558,NA
"4","Severe",23,4581,NA
"5","Questionable",29,4610,NA
"8","Non-fluoride opacities",57,4667,NA
"9","Cannot be assessed",667,5334,NA
".","Missing",3253,8587,NA
