"HOD040.Code.or.Value","HOD040.Value.Description","HOD040.Count","HOD040.Cumulative","HOD040.Skip.to.Item"
"1","1990 to present",1101,1101,NA
"2","1978 to 1989,",1656,2757,NA
"3","1960 to 1977,",1621,4378,NA
"4","1950 to 1959,",1070,5448,NA
"5","1940 to 1949, or",596,6044,NA
"6","Before 1940?",1088,7132,NA
"77","Refused",14,7146,NA
"99","Don't know",2658,9804,NA
".","Missing",161,9965,NA
