"OHX09DI.Code.or.Value","OHX09DI.Value.Description","OHX09DI.Count","OHX09DI.Cumulative","OHX09DI.Skip.to.Item"
"0","Normal",3638,3638,NA
"1","Very mild",637,4275,NA
"2","Mild",179,4454,NA
"3","Moderate",163,4617,NA
"4","Severe",22,4639,NA
"5","Questionable",23,4662,NA
"8","Non-fluoride opacities",139,4801,NA
"9","Cannot be assessed",533,5334,NA
".","Missing",3253,8587,NA
