"OHX18DI.Code.or.Value","OHX18DI.Value.Description","OHX18DI.Count","OHX18DI.Cumulative","OHX18DI.Skip.to.Item"
"0","Normal",2833,2833,NA
"1","Very mild",602,3435,NA
"2","Mild",184,3619,NA
"3","Moderate",173,3792,NA
"4","Severe",24,3816,NA
"5","Questionable",21,3837,NA
"8","Non-fluoride opacities",16,3853,NA
"9","Cannot be assessed",1481,5334,NA
".","Missing",3253,8587,NA
