"OHX24CSC.Code.or.Value","OHX24CSC.Value.Description","OHX24CSC.Count","OHX24CSC.Cumulative","OHX24CSC.Skip.to.Item"
"Multiple surface conditions found","Value was recorded",61,61,NA
"0","Lingual surface caries",0,61,NA
"2","Facial surface caries",3,64,NA
"3","Mesial caries",5,69,NA
"4","Distal caries",8,77,NA
"5","Lingual surface restoration",4,81,NA
"7","Facial surface restoration",9,90,NA
"8","Mesial restoration",12,102,NA
"9","Distal restoration",7,109,NA
"< blank >","Missing",8478,8587,NA
