"DEQ030.Code.or.Value","DEQ030.Value.Description","DEQ030.Count","DEQ030.Cumulative","DEQ030.Skip.to.Item"
"1","Get a severe sunburn with blisters",182,182,NA
"2","A severe sunburn for a few days with peeling",585,767,NA
"3","Mildly burned with some tanning",1709,2476,NA
"4","Turning darker without a sunburn",2061,4537,NA
"5","Nothing would happen in half an hour",3767,8304,NA
"6","Other",58,8362,NA
"77","Refused",5,8367,NA
"99","Don't know",35,8402,NA
".","Missing",6,8408,NA
