"OHX15DI.Code.or.Value","OHX15DI.Value.Description","OHX15DI.Count","OHX15DI.Cumulative","OHX15DI.Skip.to.Item"
"0","Normal",2872,2872,NA
"1","Very mild",582,3454,NA
"2","Mild",199,3653,NA
"3","Moderate",168,3821,NA
"4","Severe",29,3850,NA
"5","Questionable",21,3871,NA
"8","Non-fluoride opacities",11,3882,NA
"9","Cannot be assessed",1452,5334,NA
".","Missing",3253,8587,NA
