"ECD070A.Code.or.Value","ECD070A.Value.Description","ECD070A.Count","ECD070A.Cumulative","ECD070A.Skip.to.Item"
"1","1",36,36,NA
"2","2",19,55,NA
"3","3",39,94,NA
"4","4",89,183,NA
"5","5",264,447,NA
"6","6",869,1316,NA
"7","7",1317,2633,NA
"8","8",805,3438,NA
"9","9",237,3675,NA
"10","10",87,3762,NA
"11","11",15,3777,NA
"12","12",1,3778,NA
"13","13 pounds or more",3,3781,NA
"77","Refused",2,3783,NA
"99","Don't know",133,3916,NA
".","Missing",5,3921,NA
