"OHX19DI.Code.or.Value","OHX19DI.Value.Description","OHX19DI.Count","OHX19DI.Cumulative","OHX19DI.Skip.to.Item"
"0","Normal",3274,3274,NA
"1","Very mild",731,4005,NA
"2","Mild",218,4223,NA
"3","Moderate",175,4398,NA
"4","Severe",28,4426,NA
"5","Questionable",34,4460,NA
"8","Non-fluoride opacities",22,4482,NA
"9","Cannot be assessed",852,5334,NA
".","Missing",3253,8587,NA
