"VIQ050B.Code.or.Value","VIQ050B.Value.Description","VIQ050B.Count","VIQ050B.Cumulative","VIQ050B.Skip.to.Item"
"1","No difficulty",1786,1786,NA
"2","A little difficulty",319,2105,NA
"3","Moderate difficulty",127,2232,NA
"4","Extreme difficulty",73,2305,NA
"5","Unable to do because of eyesight",52,2357,NA
"6","Does not do this for other reasons",57,2414,NA
"77","Refused",3,2417,NA
"99","Don't know",1,2418,NA
".","Missing",2,2420,NA
