"MSAEXCMT.Code.or.Value","MSAEXCMT.Value.Description","MSAEXCMT.Count","MSAEXCMT.Cumulative","MSAEXCMT.Skip.to.Item"
"0","None",1,1,NA
"1","Safety exclusion",135,136,NA
"2","SP refusal",26,162,NA
"3","No time",9,171,NA
"4","Physical limitation",126,297,NA
"5","Communication problem",5,302,NA
"6","Equipment failure",36,338,NA
"7","SP ill/emergency",11,349,NA
"14","Interrupted",1,350,NA
"56","Came late/left early",80,430,NA
"99","Other, specify",18,448,NA
".","Missing",1708,2156,NA
