"OHX23DI.Code.or.Value","OHX23DI.Value.Description","OHX23DI.Count","OHX23DI.Cumulative","OHX23DI.Skip.to.Item"
"0","Normal",4104,4104,NA
"1","Very mild",507,4611,NA
"2","Mild",125,4736,NA
"3","Moderate",145,4881,NA
"4","Severe",16,4897,NA
"5","Questionable",25,4922,NA
"8","Non-fluoride opacities",37,4959,NA
"9","Cannot be assessed",375,5334,NA
".","Missing",3253,8587,NA
