"VIDLVA.Code.or.Value","VIDLVA.Value.Description","VIDLVA.Count","VIDLVA.Cumulative","VIDLVA.Skip.to.Item"
"20","20/20",3322,3322,NA
"25","20/25",1598,4920,NA
"30","20/30",644,5564,NA
"40","20/40",278,5842,NA
"50","20/50",719,6561,NA
"60","20/60",79,6640,NA
"80","20/80",88,6728,NA
"200","20/200",164,6892,NA
"666","20/200+",90,6982,NA
"888","Could not obtain",0,6982,NA
".","Missing",463,7445,NA
