"OHX12DI.Code.or.Value","OHX12DI.Value.Description","OHX12DI.Count","OHX12DI.Cumulative","OHX12DI.Skip.to.Item"
"0","Normal",2910,2910,NA
"1","Very mild",586,3496,NA
"2","Mild",148,3644,NA
"3","Moderate",41,3685,NA
"4","Severe",2,3687,NA
"5","Questionable",564,4251,NA
"8","Non-fluoride opacities",15,4266,NA
"9","Cannot be assessed",1670,5936,NA
".","Missing",3662,9598,NA
