"OHX05DI.Code.or.Value","OHX05DI.Value.Description","OHX05DI.Count","OHX05DI.Cumulative","OHX05DI.Skip.to.Item"
"0","Normal",2904,2904,NA
"1","Very mild",598,3502,NA
"2","Mild",150,3652,NA
"3","Moderate",40,3692,NA
"4","Severe",2,3694,NA
"5","Questionable",564,4258,NA
"8","Non-fluoride opacities",22,4280,NA
"9","Cannot be assessed",1656,5936,NA
".","Missing",3662,9598,NA
