"OHX21DI.Code.or.Value","OHX21DI.Value.Description","OHX21DI.Count","OHX21DI.Cumulative","OHX21DI.Skip.to.Item"
"0","Normal",3227,3227,NA
"1","Very mild",543,3770,NA
"2","Mild",108,3878,NA
"3","Moderate",32,3910,NA
"4","Severe",2,3912,NA
"5","Questionable",586,4498,NA
"8","Non-fluoride opacities",12,4510,NA
"9","Cannot be assessed",1425,5935,NA
".","Missing",3663,9598,NA
