"OHX19DI.Code.or.Value","OHX19DI.Value.Description","OHX19DI.Count","OHX19DI.Cumulative","OHX19DI.Skip.to.Item"
"0","Normal",3148,3148,NA
"1","Very mild",533,3681,NA
"2","Mild",164,3845,NA
"3","Moderate",56,3901,NA
"4","Severe",7,3908,NA
"5","Questionable",762,4670,NA
"8","Non-fluoride opacities",20,4690,NA
"9","Cannot be assessed",1246,5936,NA
".","Missing",3662,9598,NA
