"OHX25DI.Code.or.Value","OHX25DI.Value.Description","OHX25DI.Count","OHX25DI.Cumulative","OHX25DI.Skip.to.Item"
"0","Normal",5051,5051,NA
"1","Very mild",237,5288,NA
"2","Mild",50,5338,NA
"3","Moderate",12,5350,NA
"4","Severe",2,5352,NA
"5","Questionable",169,5521,NA
"8","Non-fluoride opacities",40,5561,NA
"9","Cannot be assessed",374,5935,NA
".","Missing",3663,9598,NA
