"VIDROVA.Code.or.Value","VIDROVA.Value.Description","VIDROVA.Count","VIDROVA.Cumulative","VIDROVA.Skip.to.Item"
"25","20/25",1429,1429,NA
"30","20/30",95,1524,NA
"40","20/40",108,1632,NA
"50","20/50",195,1827,NA
"60","20/60",14,1841,NA
"80","20/80",25,1866,NA
"200","20/200",48,1914,NA
"666","20/200+",41,1955,NA
"888","Could not obtain",0,1955,NA
".","Missing",5490,7445,NA
