"VIQ050B.Code.or.Value","VIQ050B.Value.Description","VIQ050B.Count","VIQ050B.Cumulative","VIQ050B.Skip.to.Item"
"1","No difficulty",1837,1837,NA
"2","A little difficulty",405,2242,NA
"3","Moderate difficulty",140,2382,NA
"4","Extreme difficulty",60,2442,NA
"5","Unable to do because of eyesight",47,2489,NA
"6","Does not do this for other reasons",67,2556,NA
"77","Refused",2,2558,NA
"99","Don't know",1,2559,NA
".","Missing",4,2563,NA
