"DMDHRMAR.Code.or.Value","DMDHRMAR.Value.Description","DMDHRMAR.Count","DMDHRMAR.Cumulative","DMDHRMAR.Skip.to.Item"
"1","Married",6512,6512,NA
"2","Widowed",758,7270,NA
"3","Divorced",992,8262,NA
"4","Separated",489,8751,NA
"5","Never married",1363,10114,NA
"6","Living with partner",434,10548,NA
"77","Refused",30,10578,NA
"99","Don't know",14,10592,NA
".","Missing",447,11039,NA
