"OHX28DI.Code.or.Value","OHX28DI.Value.Description","OHX28DI.Count","OHX28DI.Cumulative","OHX28DI.Skip.to.Item"
"0","Normal",3228,3228,NA
"1","Very mild",542,3770,NA
"2","Mild",112,3882,NA
"3","Moderate",25,3907,NA
"4","Severe",4,3911,NA
"5","Questionable",596,4507,NA
"8","Non-fluoride opacities",11,4518,NA
"9","Cannot be assessed",1417,5935,NA
".","Missing",3663,9598,NA
