"OHX15DI.Code.or.Value","OHX15DI.Value.Description","OHX15DI.Count","OHX15DI.Cumulative","OHX15DI.Skip.to.Item"
"0","Normal",2502,2502,NA
"1","Very mild",622,3124,NA
"2","Mild",169,3293,NA
"3","Moderate",45,3338,NA
"4","Severe",4,3342,NA
"5","Questionable",687,4029,NA
"8","Non-fluoride opacities",19,4048,NA
"9","Cannot be assessed",1887,5935,NA
".","Missing",3663,9598,NA
