"VIDRVA.Code.or.Value","VIDRVA.Value.Description","VIDRVA.Count","VIDRVA.Cumulative","VIDRVA.Skip.to.Item"
"20","20/20",3241,3241,NA
"25","20/25",1717,4958,NA
"30","20/30",585,5543,NA
"40","20/40",348,5891,NA
"50","20/50",646,6537,NA
"60","20/60",88,6625,NA
"80","20/80",93,6718,NA
"200","20/200",168,6886,NA
"666","20/200+",96,6982,NA
"888","Could not obtain",0,6982,NA
".","Missing",463,7445,NA
