"OHX18DI.Code.or.Value","OHX18DI.Value.Description","OHX18DI.Count","OHX18DI.Cumulative","OHX18DI.Skip.to.Item"
"0","Normal",2517,2517,NA
"1","Very mild",501,3018,NA
"2","Mild",149,3167,NA
"3","Moderate",38,3205,NA
"4","Severe",3,3208,NA
"5","Questionable",651,3859,NA
"8","Non-fluoride opacities",17,3876,NA
"9","Cannot be assessed",2059,5935,NA
".","Missing",3663,9598,NA
