"OHX22DI.Code.or.Value","OHX22DI.Value.Description","OHX22DI.Count","OHX22DI.Cumulative","OHX22DI.Skip.to.Item"
"0","Normal",4057,4057,NA
"1","Very mild",358,4415,NA
"2","Mild",49,4464,NA
"3","Moderate",11,4475,NA
"4","Severe",2,4477,NA
"5","Questionable",335,4812,NA
"8","Non-fluoride opacities",28,4840,NA
"9","Cannot be assessed",1095,5935,NA
".","Missing",3663,9598,NA
