"OHX13DI.Code.or.Value","OHX13DI.Value.Description","OHX13DI.Count","OHX13DI.Cumulative","OHX13DI.Skip.to.Item"
"0","Normal",2888,2888,NA
"1","Very mild",586,3474,NA
"2","Mild",153,3627,NA
"3","Moderate",41,3668,NA
"4","Severe",3,3671,NA
"5","Questionable",623,4294,NA
"8","Non-fluoride opacities",15,4309,NA
"9","Cannot be assessed",1627,5936,NA
".","Missing",3662,9598,NA
