"PEASCCT1.Code.or.Value","PEASCCT1.Value.Description","PEASCCT1.Count","PEASCCT1.Cumulative","PEASCCT1.Skip.to.Item"
"1","Safety exclusion",2,2,NA
"2","SP refusal",121,123,NA
"3","No time",46,169,NA
"4","Physical limitation",58,227,NA
"5","Communication problem",1,228,NA
"7","SP ill/emergency",8,236,NA
"72","Error (technician/software/supply)",1,237,NA
"84","SP with child",4,241,NA
"99","Other, specify",208,449,NA
".","Missing",9194,9643,NA
