"VIDLVA.Code.or.Value","VIDLVA.Value.Description","VIDLVA.Count","VIDLVA.Cumulative","VIDLVA.Skip.to.Item"
"20","20/20",2818,2818,NA
"25","20/25",1566,4384,NA
"30","20/30",643,5027,NA
"40","20/40",312,5339,NA
"50","20/50",685,6024,NA
"60","20/60",78,6102,NA
"80","20/80",81,6183,NA
"200","20/200",160,6343,NA
"666","20/200+",104,6447,NA
".","Missing",543,6990,NA
