"OHX19DI.Code.or.Value","OHX19DI.Value.Description","OHX19DI.Count","OHX19DI.Cumulative","OHX19DI.Skip.to.Item"
"0","Normal",2012,2012,NA
"1","Very mild",645,2657,NA
"2","Mild",184,2841,NA
"3","Moderate",50,2891,NA
"4","Severe",3,2894,NA
"5","Questionable",1049,3943,NA
"8","Non-fluoride opacities",6,3949,NA
"9","Cannot be assessed",1326,5275,NA
".","Missing",3572,8847,NA
