"VIQ056.Code.or.Value","VIQ056.Value.Description","VIQ056.Count","VIQ056.Cumulative","VIQ056.Skip.to.Item"
"1","No difficulty",1861,1861,NA
"2","A little difficulty",55,1916,NA
"3","Moderate difficulty",10,1926,NA
"4","Extreme difficulty",7,1933,NA
"5","Unable to do because of eyesight",59,1992,NA
"6","Does not do this for other reasons",260,2252,NA
"7","Never drove",240,2492,NA
"77","Refused",0,2492,NA
"99","Don't know",12,2504,NA
".","Missing",2537,5041,NA
