"HOD030.Code.or.Value","HOD030.Value.Description","HOD030.Count","HOD030.Cumulative","HOD030.Skip.to.Item"
"1","1 or 2",367,367,NA
"3","3 or 4",443,810,NA
"4","5 to 9",454,1264,NA
"5","10 to 19",487,1751,NA
"6","20 to 49",284,2035,NA
"7","50 or more",358,2393,NA
"77","Refused",8,2401,NA
"99","Don't know",59,2460,NA
".","Missing",7662,10122,NA
