"OCQ260.Code.or.Value","OCQ260.Value.Description","OCQ260.Count","OCQ260.Cumulative","OCQ260.Skip.to.Item"
"1","An employee of a private company, business, or individual for wages, salary, or commission.",2316,2316,NA
"2","A federal government employee",83,2399,NA
"3","A state government employee",148,2547,NA
"4","A local government employee",170,2717,NA
"5","Self-employed in own business, professional practice or farm.",324,3041,NA
"6","Working without pay in family business or farm",8,3049,NA
"77","Refused",5,3054,NA
"99","Don't know",21,3075,NA
".","Missing",3138,6213,NA
