"OHX28DI.Code.or.Value","OHX28DI.Value.Description","OHX28DI.Count","OHX28DI.Cumulative","OHX28DI.Skip.to.Item"
"0","Normal",1960,1960,NA
"1","Very mild",845,2805,NA
"2","Mild",202,3007,NA
"3","Moderate",48,3055,NA
"4","Severe",1,3056,NA
"5","Questionable",1043,4099,NA
"8","Non-fluoride opacities",5,4104,NA
"9","Cannot be assessed",1171,5275,NA
".","Missing",3572,8847,NA
