"VIDRVA.Code.or.Value","VIDRVA.Value.Description","VIDRVA.Count","VIDRVA.Cumulative","VIDRVA.Skip.to.Item"
"20","20/20",2776,2776,NA
"25","20/25",1638,4414,NA
"30","20/30",613,5027,NA
"40","20/40",320,5347,NA
"50","20/50",666,6013,NA
"60","20/60",104,6117,NA
"80","20/80",85,6202,NA
"200","20/200",161,6363,NA
"666","20/200+",85,6448,NA
".","Missing",542,6990,NA
