"LBXSCC.Code.or.Value","LBXSCC.Value.Description","LBXSCC.Count","LBXSCC.Cumulative","LBXSCC.Skip.to.Item"
"1","Type I",0,0,NA
"2","Type II",68,68,NA
"3","Type III",0,68,NA
"4","Type IV-No Subtype",18,86,NA
"5","Type Iva",36,122,NA
"6","Type Ivb",3,125,NA
"7","Type Ivc",7,132,NA
"8","Not Typable",1,133,NA
"9","No data",237,370,NA
".","Missing",8809,9179,NA
