"PAD600.Code.or.Value","PAD600.Value.Description","PAD600.Count","PAD600.Cumulative","PAD600.Skip.to.Item"
"0","Less than 1 hour",2481,2481,NA
"1","1 hour",1339,3820,NA
"2","2 hours",728,4548,NA
"3","3 hours",337,4885,NA
"4","4 hours",146,5031,NA
"5","5 hours",225,5256,NA
"6","None",3936,9192,NA
"77","Refused",1,9193,NA
"99","Don't know",4,9197,NA
".","Missing",81,9278,NA
