"VIDLOVA.Code.or.Value","VIDLOVA.Value.Description","VIDLOVA.Count","VIDLOVA.Cumulative","VIDLOVA.Skip.to.Item"
"25","20/25",1396,1396,NA
"30","20/30",142,1538,NA
"40","20/40",95,1633,NA
"50","20/50",197,1830,NA
"60","20/60",21,1851,NA
"80","20/80",38,1889,NA
"200","20/200",39,1928,NA
"666","20/200+",51,1979,NA
".","Missing",5011,6990,NA
