"OCQ380.Code.or.Value","OCQ380.Value.Description","OCQ380.Count","OCQ380.Cumulative","OCQ380.Skip.to.Item"
"1","Taking care of house or family",398,398,NA
"2","Going to school",536,934,NA
"3","Retired",1231,2165,NA
"4","Unable to work for health reasons",209,2374,NA
"5","On layoff",52,2426,NA
"6","Disabled",275,2701,NA
"7","Other",231,2932,NA
"77","Refused",1,2933,NA
"99","Don't know",1,2934,NA
".","Missing",3279,6213,NA
