"DMDHRMAR.Code.or.Value","DMDHRMAR.Value.Description","DMDHRMAR.Count","DMDHRMAR.Cumulative","DMDHRMAR.Skip.to.Item"
"1","Married",6009,6009,NA
"2","Widowed",594,6603,NA
"3","Divorced",939,7542,NA
"4","Separated",459,8001,NA
"5","Never married",1364,9365,NA
"6","Living with partner",606,9971,NA
"77","Refused",42,10013,NA
"99","Don't know",2,10015,NA
".","Missing",333,10348,NA
