"DBQ760.Code.or.Value","DBQ760.Value.Description","DBQ760.Count","DBQ760.Cumulative","DBQ760.Skip.to.Item"
"1","Always",638,638,NA
"2","Most of the time",764,1402,NA
"3","Sometimes",1328,2730,NA
"4","Rarely",888,3618,NA
"5","Never",2268,5886,NA
"6","never seen",191,6077,NA
"77","Refused",1,6078,NA
"99","Don't know",2,6080,NA
".","Missing",4268,10348,NA
