"PAD590.Code.or.Value","PAD590.Value.Description","PAD590.Count","PAD590.Cumulative","PAD590.Skip.to.Item"
"0","Less than 1 hour,",1252,1252,NA
"1","1 hour,",1747,2999,NA
"2","2 hours,",2556,5555,NA
"3","3 hours,",1541,7096,NA
"4","4 hours, or",902,7998,NA
"5","5 hours or more?",1197,9195,NA
"6","None",145,9340,NA
"77","Refused",1,9341,NA
"99","Don't know",6,9347,NA
".","Missing",77,9424,NA
