"AUAEXCMT.Code.or.Value","AUAEXCMT.Value.Description","AUAEXCMT.Count","AUAEXCMT.Cumulative","AUAEXCMT.Skip.to.Item"
"2","SP refusal",55,55,NA
"3","No time",6,61,NA
"4","Physical limitation",50,111,NA
"5","Communication problem",23,134,NA
"6","Equipment failure",14,148,NA
"7","Sp ill/emergency",5,153,NA
"56","Came late/left early",131,284,NA
"72","Error (technician/software/supply)",31,315,NA
"99","Other, specify",104,419,NA
".","Missing",2615,3034,NA
