"PEASCCT1.Code.or.Value","PEASCCT1.Value.Description","PEASCCT1.Count","PEASCCT1.Cumulative","PEASCCT1.Skip.to.Item"
"1","Safety exclusion",4,4,NA
"2","SP refusal",104,108,NA
"3","No time",2,110,NA
"4","Physical limitation",34,144,NA
"5","Communication problem",5,149,NA
"7","SP ill/emergency",10,159,NA
"14","Interrupted",2,161,NA
"56","Came late/left early",142,303,NA
"84","SP with child",3,306,NA
"99","Other, specify",132,438,NA
".","Missing",9512,9950,NA
