"DMDMARTL.Code.or.Value","DMDMARTL.Value.Description","DMDMARTL.Count","DMDMARTL.Cumulative","DMDMARTL.Skip.to.Item"
"1","Married",2711,2711,NA
"2","Widowed",463,3174,NA
"3","Divorced",471,3645,NA
"4","Separated",164,3809,NA
"5","Never married",2412,6221,NA
"6","Living with partner",468,6689,NA
"77","Refused",8,6697,NA
"99","Don't know",1,6698,NA
".","Missing",3650,10348,NA
