"SXQ610.Code.or.Value","SXQ610.Value.Description","SXQ610.Count","SXQ610.Cumulative","SXQ610.Skip.to.Item"
"0","Never",246,246,NA
"1","Once",103,349,NA
"2","2-11 times",496,845,NA
"3","12-51 times",872,1717,NA
"4","52-103 times",518,2235,NA
"5","104-364 times",349,2584,NA
"6","365 times or more",36,2620,NA
"77","Refused",12,2632,NA
"99","Don't know",9,2641,NA
".","Missing",1984,4625,NA
