"DMDHRMAR.Code.or.Value","DMDHRMAR.Value.Description","DMDHRMAR.Count","DMDHRMAR.Cumulative","DMDHRMAR.Skip.to.Item"
"1","Married",5884,5884,NA
"2","Widowed",628,6512,NA
"3","Divorced",1050,7562,NA
"4","Separated",407,7969,NA
"5","Never married",1224,9193,NA
"6","Living with partner",574,9767,NA
"77","Refused",38,9805,NA
"99","Don't know",3,9808,NA
".","Missing",341,10149,NA
