"BHQ030.Code.or.Value","BHQ030.Value.Description","BHQ030.Count","BHQ030.Cumulative","BHQ030.Skip.to.Item"
"1","2 or more times a day,",12,12,NA
"2","once a day,",17,29,NA
"3","2 or more times a week,",38,67,NA
"4","once a week,",22,89,NA
"5","1-3 times a month, or",267,356,NA
"6","Never?",4804,5160,NA
"77","Refused",3,5163,NA
"99","Don't know",14,5177,NA
".","Missing",530,5707,NA
