"SMQ660.Code.or.Value","SMQ660.Value.Description","SMQ660.Count","SMQ660.Cumulative","SMQ660.Skip.to.Item"
"1","Marlboro",62,62,NA
"2","Camel",30,92,NA
"3","Newport",43,135,NA
"4","Kool",6,141,NA
"5","Winston",0,141,NA
"6","Benson and hedges",1,142,NA
"7","Salem",0,142,NA
"8","Some other brand",17,159,NA
"77","Refused",1,160,NA
"99","Don't know",1,161,NA
".","Missing",6984,7145,NA
