"BHQ040.Code.or.Value","BHQ040.Value.Description","BHQ040.Count","BHQ040.Cumulative","BHQ040.Skip.to.Item"
"1","2 or more times a day,",4,4,NA
"2","once a day,",15,19,NA
"3","2 or more times a week,",15,34,NA
"4","once a week,",11,45,NA
"5","1-3 times a month, or",70,115,NA
"6","Never?",5045,5160,NA
"77","Refused",3,5163,NA
"99","Don't know",14,5177,NA
".","Missing",530,5707,NA
