"RHQ070.Code.or.Value","RHQ070.Value.Description","RHQ070.Count","RHQ070.Cumulative","RHQ070.Skip.to.Item"
"1","Younger than 30",2,2,NA
"2","30 to 34",2,4,NA
"3","35 to 39",7,11,NA
"4","40 to 44",24,35,NA
"5","45 to 49",23,58,NA
"6","50 to 54, or",18,76,NA
"7","55 or older?",8,84,NA
"77","Refused",0,84,NA
"99","Don't know",17,101,NA
".","Missing",3383,3484,NA
