"OCQ260.Code.or.Value","OCQ260.Value.Description","OCQ260.Count","OCQ260.Cumulative","OCQ260.Skip.to.Item"
"1","An employee of a private company, business, or individual for wages, salary, or commission.",2584,2584,NA
"2","A federal government employee",74,2658,NA
"3","A state government employee",223,2881,NA
"4","A local government employee",209,3090,NA
"5","Self-employed in own business, professional practice or farm.",388,3478,NA
"6","Working without pay in family business or farm",11,3489,NA
"77","Refused",5,3494,NA
"99","Don't know",9,3503,NA
".","Missing",3386,6889,NA
