"PAD590.Code.or.Value","PAD590.Value.Description","PAD590.Count","PAD590.Cumulative","PAD590.Skip.to.Item"
"0","Less than 1 hour",285,285,NA
"1","1 hour",539,824,NA
"2","2 hours",734,1558,NA
"3","3 hours",320,1878,NA
"4","4 hours",159,2037,NA
"5","5 hours or more",158,2195,NA
"6","None",31,2226,NA
"77","Refused",1,2227,NA
"99","Don't know",1,2228,NA
".","Missing",7543,9771,NA
