"FCX10DI.Code.or.Value","FCX10DI.Value.Description","FCX10DI.Count","FCX10DI.Cumulative","FCX10DI.Skip.to.Item"
"0","Normal",807,807,NA
"1","Very mild",587,1394,NA
"2","Mild",291,1685,NA
"3","Moderate",22,1707,NA
"4","Severe",4,1711,NA
"5","Questionable",57,1768,NA
"8","Non-fluoride opacities",44,1812,NA
"9","Cannot be assessed",657,2469,NA
".","Missing",63,2532,NA
