"FCX09DI.Code.or.Value","FCX09DI.Value.Description","FCX09DI.Count","FCX09DI.Cumulative","FCX09DI.Skip.to.Item"
"0","Normal",906,906,NA
"1","Very mild",593,1499,NA
"2","Mild",327,1826,NA
"3","Moderate",38,1864,NA
"4","Severe",8,1872,NA
"5","Questionable",70,1942,NA
"8","Non-fluoride opacities",81,2023,NA
"9","Cannot be assessed",446,2469,NA
".","Missing",63,2532,NA
