"DMDHRMAR.Code.or.Value","DMDHRMAR.Value.Description","DMDHRMAR.Count","DMDHRMAR.Cumulative","DMDHRMAR.Skip.to.Item"
"1","Married",5933,5933,NA
"2","Widowed",603,6536,NA
"3","Divorced",1056,7592,NA
"4","Separated",411,8003,NA
"5","Never married",1433,9436,NA
"6","Living with partner",929,10365,NA
"77","Refused",41,10406,NA
"99","Don't know",6,10412,NA
".","Missing",125,10537,NA
