"ALD020.Code.or.Value","ALD020.Value.Description","ALD020.Count","ALD020.Cumulative","ALD020.Skip.to.Item"
"1","0 days",0,0,"End of Section"
"2","1 or 2 days",48,48,""
"3","3 to 9 days",36,84,""
"4","10 to 19 days",25,109,""
"5","20 to 39 days",31,140,""
"6","40 to 99 days",26,166,""
"7","100 or more days",41,207,""
"77","Refused",1,208,""
"99","Don't know",2,210,""
".","Missing",91,301,""
