"SXQ610.Code.or.Value","SXQ610.Value.Description","SXQ610.Count","SXQ610.Cumulative","SXQ610.Skip.to.Item"
"0","Never",138,138,NA
"1","Once",162,300,NA
"2","2-11 times",718,1018,NA
"3","12-51 times",924,1942,NA
"4","52-103 times",620,2562,NA
"5","104-364 times",514,3076,NA
"6","365 times or more",58,3134,NA
"77","Refused",13,3147,NA
"99","Don't know",5,3152,NA
".","Missing",2150,5302,NA
