"DMDMARTL.Code.or.Value","DMDMARTL.Value.Description","DMDMARTL.Count","DMDMARTL.Cumulative","DMDMARTL.Skip.to.Item"
"1","Married",3186,3186,NA
"2","Widowed",560,3746,NA
"3","Divorced",679,4425,NA
"4","Separated",207,4632,NA
"5","Never married",1099,5731,NA
"6","Living with partner",483,6214,NA
"77","Refused",3,6217,NA
"99","Don't know",1,6218,NA
".","Missing",4319,10537,NA
