"FCX20DI.Code.or.Value","FCX20DI.Value.Description","FCX20DI.Count","FCX20DI.Cumulative","FCX20DI.Skip.to.Item"
"0","Normal",592,592,NA
"1","Very mild",267,859,NA
"2","Mild",143,1002,NA
"3","Moderate",158,1160,NA
"4","Severe",4,1164,NA
"5","Questionable",154,1318,NA
"8","Non-fluoride opacities",1,1319,NA
"9","Cannot be assessed",1097,2416,NA
".","Missing",86,2502,NA
