"FCX23DI.Code.or.Value","FCX23DI.Value.Description","FCX23DI.Count","FCX23DI.Cumulative","FCX23DI.Skip.to.Item"
"0","Normal",1511,1511,NA
"1","Very mild",208,1719,NA
"2","Mild",81,1800,NA
"3","Moderate",57,1857,NA
"4","Severe",2,1859,NA
"5","Questionable",117,1976,NA
"8","Non-fluoride opacities",7,1983,NA
"9","Cannot be assessed",429,2412,NA
".","Missing",90,2502,NA
