"FCX10DI.Code.or.Value","FCX10DI.Value.Description","FCX10DI.Count","FCX10DI.Cumulative","FCX10DI.Skip.to.Item"
"0","Normal",1107,1107,NA
"1","Very mild",351,1458,NA
"2","Mild",129,1587,NA
"3","Moderate",98,1685,NA
"4","Severe",7,1692,NA
"5","Questionable",141,1833,NA
"8","Non-fluoride opacities",14,1847,NA
"9","Cannot be assessed",566,2413,NA
".","Missing",89,2502,NA
