"FCX18DI.Code.or.Value","FCX18DI.Value.Description","FCX18DI.Count","FCX18DI.Cumulative","FCX18DI.Skip.to.Item"
"0","Normal",473,473,NA
"1","Very mild",201,674,NA
"2","Mild",136,810,NA
"3","Moderate",258,1068,NA
"4","Severe",9,1077,NA
"5","Questionable",58,1135,NA
"8","Non-fluoride opacities",2,1137,NA
"9","Cannot be assessed",1281,2418,NA
".","Missing",84,2502,NA
