"FCX22DI.Code.or.Value","FCX22DI.Value.Description","FCX22DI.Count","FCX22DI.Cumulative","FCX22DI.Skip.to.Item"
"0","Normal",880,880,NA
"1","Very mild",186,1066,NA
"2","Mild",54,1120,NA
"3","Moderate",47,1167,NA
"4","Severe",4,1171,NA
"5","Questionable",225,1396,NA
"8","Non-fluoride opacities",6,1402,NA
"9","Cannot be assessed",1014,2416,NA
".","Missing",86,2502,NA
