"FCX26DI.Code.or.Value","FCX26DI.Value.Description","FCX26DI.Count","FCX26DI.Cumulative","FCX26DI.Skip.to.Item"
"0","Normal",1522,1522,NA
"1","Very mild",207,1729,NA
"2","Mild",85,1814,NA
"3","Moderate",57,1871,NA
"4","Severe",4,1875,NA
"5","Questionable",113,1988,NA
"8","Non-fluoride opacities",10,1998,NA
"9","Cannot be assessed",415,2413,NA
".","Missing",89,2502,NA
