"AUQ360.Code.or.Value","AUQ360.Value.Description","AUQ360.Count","AUQ360.Cumulative","AUQ360.Skip.to.Item"
"1","Less than 3 months",62,62,NA
"2","3 to 11 months",106,168,NA
"3","1 to 2 years",174,342,NA
"4","3 to 4 years",130,472,NA
"5","5 to 9 years",156,628,NA
"6","10 to14 years",107,735,NA
"7","15 or more years",235,970,NA
"8","Not exposed",10,980,NA
"77","Refused",0,980,NA
"99","Don't know",1,981,NA
".","Missing",8383,9364,NA
