"AUQ054.Code.or.Value","AUQ054.Value.Description","AUQ054.Count","AUQ054.Cumulative","AUQ054.Skip.to.Item"
"1","Excellent",4244,4244,NA
"2","Good",3744,7988,NA
"3","A little trouble",869,8857,NA
"4","Moderate hearing trouble",306,9163,NA
"5","A lot of trouble",172,9335,NA
"6","Deaf",12,9347,NA
"77","Refused",1,9348,NA
"99","Don't know",15,9363,NA
".","Missing",1,9364,NA
