"FCX13DI.Code.or.Value","FCX13DI.Value.Description","FCX13DI.Count","FCX13DI.Cumulative","FCX13DI.Skip.to.Item"
"0","Normal",574,574,NA
"1","Very mild",279,853,NA
"2","Mild",137,990,NA
"3","Moderate",140,1130,NA
"4","Severe",8,1138,NA
"5","Questionable",190,1328,NA
"8","Non-fluoride opacities",1,1329,NA
"9","Cannot be assessed",1088,2417,NA
".","Missing",85,2502,NA
