"FCX24DI.Code.or.Value","FCX24DI.Value.Description","FCX24DI.Count","FCX24DI.Cumulative","FCX24DI.Skip.to.Item"
"0","Normal",1748,1748,NA
"1","Very mild",216,1964,NA
"2","Mild",84,2048,NA
"3","Moderate",73,2121,NA
"4","Severe",3,2124,NA
"5","Questionable",100,2224,NA
"8","Non-fluoride opacities",20,2244,NA
"9","Cannot be assessed",167,2411,NA
".","Missing",91,2502,NA
