"FCX08DI.Code.or.Value","FCX08DI.Value.Description","FCX08DI.Count","FCX08DI.Cumulative","FCX08DI.Skip.to.Item"
"0","Normal",1203,1203,NA
"1","Very mild",385,1588,NA
"2","Mild",154,1742,NA
"3","Moderate",113,1855,NA
"4","Severe",15,1870,NA
"5","Questionable",156,2026,NA
"8","Non-fluoride opacities",30,2056,NA
"9","Cannot be assessed",356,2412,NA
".","Missing",90,2502,NA
