"SXQ610.Code.or.Value","SXQ610.Value.Description","SXQ610.Count","SXQ610.Cumulative","SXQ610.Skip.to.Item"
"0","Never",126,126,NA
"1","Once",126,252,NA
"2","2-11 times",680,932,NA
"3","12-51 times",846,1778,NA
"4","52-103 times",544,2322,NA
"5","104-364 times",337,2659,NA
"6","365 times or more",49,2708,NA
"77","Refused",8,2716,NA
"99","Don't know",4,2720,NA
".","Missing",2076,4796,NA
