"DMDHRMAR.Code.or.Value","DMDHRMAR.Value.Description","DMDHRMAR.Count","DMDHRMAR.Cumulative","DMDHRMAR.Skip.to.Item"
"1","Married",5282,5282,NA
"2","Widowed",581,5863,NA
"3","Divorced",816,6679,NA
"4","Separated",436,7115,NA
"5","Never married",1539,8654,NA
"6","Living with partner",876,9530,NA
"77","Refused",82,9612,NA
"99","Don't Know",8,9620,NA
".","Missing",136,9756,NA
