"FCX07DI.Code.or.Value","FCX07DI.Value.Description","FCX07DI.Count","FCX07DI.Cumulative","FCX07DI.Skip.to.Item"
"0","Normal",1095,1095,NA
"1","Very mild",357,1452,NA
"2","Mild",123,1575,NA
"3","Moderate",100,1675,NA
"4","Severe",7,1682,NA
"5","Questionable",140,1822,NA
"8","Non-fluoride opacities",24,1846,NA
"9","Cannot be assessed",567,2413,NA
".","Missing",89,2502,NA
