"HOD050.Code.or.Value","HOD050.Value.Description","HOD050.Count","HOD050.Cumulative","HOD050.Skip.to.Item"
"1","1",63,63,NA
"2","2",241,304,NA
"3","3",924,1228,NA
"4","4",1863,3091,NA
"5","5",1972,5063,NA
"6","6",1709,6772,NA
"7","7",1117,7889,NA
"8","8",776,8665,NA
"9","9",410,9075,NA
"10","10",309,9384,NA
"11","11",162,9546,NA
"12","12",67,9613,NA
"13","13 or more",90,9703,NA
"777","Refused",4,9707,NA
"999","Don't know",0,9707,NA
".","Missing",49,9756,NA
