"HOD050.Code.or.Value","HOD050.Value.Description","HOD050.Count","HOD050.Cumulative","HOD050.Skip.to.Item"
"1","1",88,88,NA
"2","2",202,290,NA
"3","3",683,973,NA
"4","4",1613,2586,NA
"5","5",2093,4679,NA
"6","6",1922,6601,NA
"7","7",1272,7873,NA
"8","8",853,8726,NA
"9","9",574,9300,NA
"10","10",343,9643,NA
"11","11",197,9840,NA
"12","12",108,9948,NA
"13","13 or more",85,10033,NA
"777","Refused",16,10049,NA
"999","Don't know",5,10054,NA
".","Missing",121,10175,NA
