"FCX08DI.Code.or.Value","FCX08DI.Value.Description","FCX08DI.Count","FCX08DI.Cumulative","FCX08DI.Skip.to.Item"
"0","Normal",830,830,NA
"1","Very mild",559,1389,NA
"2","Mild",342,1731,NA
"3","Moderate",117,1848,NA
"4","Severe",5,1853,NA
"5","Questionable",268,2121,NA
"8","Non-fluoride opacities",65,2186,NA
"9","Cannot be assessed",465,2651,NA
".","Missing",52,2703,NA
