"SXQ610.Code.or.Value","SXQ610.Value.Description","SXQ610.Count","SXQ610.Cumulative","SXQ610.Skip.to.Item"
"0","Never",95,95,NA
"1","Once",135,230,NA
"2","2-11 times",706,936,NA
"3","12-51 times",1016,1952,NA
"4","52-103 times",632,2584,NA
"5","104-364 times",381,2965,NA
"6","365 times or more",43,3008,NA
"77","Refused",6,3014,NA
"99","Don't know",7,3021,NA
".","Missing",2036,5057,NA
