"PAQ678.Code.or.Value","PAQ678.Value.Description","PAQ678.Count","PAQ678.Cumulative","PAQ678.Skip.to.Item"
"0","0 days",207,207,NA
"1","1 day",96,303,NA
"2","2 days",109,412,NA
"3","3 days",106,518,NA
"4","4 days",39,557,NA
"5","5 days",77,634,NA
"6","6 days",13,647,NA
"7","7 days",32,679,NA
"77","Refused",0,679,NA
"99","Don't know",0,679,NA
".","Missing",8805,9484,NA
