"OCQ380.Code.or.Value","OCQ380.Value.Description","OCQ380.Count","OCQ380.Cumulative","OCQ380.Skip.to.Item"
"1","Taking care of house or family",466,466,NA
"2","Going to school",449,915,NA
"3","Retired",1113,2028,NA
"4","Unable to work for health reasons",210,2238,NA
"5","On layoff",84,2322,NA
"6","Disabled",354,2676,NA
"7","Other",139,2815,NA
"77","Refused",1,2816,NA
"99","Don't know",0,2816,NA
".","Missing",3648,6464,NA
