"FCX29DI.Code.or.Value","FCX29DI.Value.Description","FCX29DI.Count","FCX29DI.Cumulative","FCX29DI.Skip.to.Item"
"0","Normal",151,151,NA
"1","Very mild",558,709,NA
"2","Mild",379,1088,NA
"3","Moderate",211,1299,NA
"4","Severe",1,1300,NA
"5","Questionable",218,1518,NA
"8","Non-fluoride opacities",1,1519,NA
"9","Cannot be assessed",1132,2651,NA
".","Missing",52,2703,NA
