"FCX10DI.Code.or.Value","FCX10DI.Value.Description","FCX10DI.Count","FCX10DI.Cumulative","FCX10DI.Skip.to.Item"
"0","Normal",669,669,NA
"1","Very mild",513,1182,NA
"2","Mild",276,1458,NA
"3","Moderate",87,1545,NA
"4","Severe",3,1548,NA
"5","Questionable",257,1805,NA
"8","Non-fluoride opacities",31,1836,NA
"9","Cannot be assessed",815,2651,NA
".","Missing",52,2703,NA
