"FCX18DI.Code.or.Value","FCX18DI.Value.Description","FCX18DI.Count","FCX18DI.Cumulative","FCX18DI.Skip.to.Item"
"0","Normal",93,93,NA
"1","Very mild",300,393,NA
"2","Mild",476,869,NA
"3","Moderate",320,1189,NA
"4","Severe",5,1194,NA
"5","Questionable",50,1244,NA
"8","Non-fluoride opacities",1,1245,NA
"9","Cannot be assessed",1406,2651,NA
".","Missing",52,2703,NA
