"HSQ580.Code.or.Value","HSQ580.Value.Description","HSQ580.Count","HSQ580.Cumulative","HSQ580.Skip.to.Item"
"1","1",39,39,NA
"2","2",38,77,NA
"3","3",28,105,NA
"4","4",20,125,NA
"5","5",13,138,NA
"6","6",29,167,NA
"7","7",19,186,NA
"8","8",11,197,NA
"9","9",11,208,NA
"10","10",13,221,NA
"11","11",17,238,NA
"12","12",18,256,NA
"77","Refused",0,256,NA
"99","Don't know",4,260,NA
".","Missing",9162,9422,NA
