"FCX12DI.Code.or.Value","FCX12DI.Value.Description","FCX12DI.Count","FCX12DI.Cumulative","FCX12DI.Skip.to.Item"
"0","Normal",206,206,NA
"1","Very mild",486,692,NA
"2","Mild",347,1039,NA
"3","Moderate",160,1199,NA
"4","Severe",2,1201,NA
"5","Questionable",355,1556,NA
"8","Non-fluoride opacities",4,1560,NA
"9","Cannot be assessed",1091,2651,NA
".","Missing",52,2703,NA
