"FCX09DI.Code.or.Value","FCX09DI.Value.Description","FCX09DI.Count","FCX09DI.Cumulative","FCX09DI.Skip.to.Item"
"0","Normal",832,832,NA
"1","Very mild",568,1400,NA
"2","Mild",339,1739,NA
"3","Moderate",117,1856,NA
"4","Severe",4,1860,NA
"5","Questionable",265,2125,NA
"8","Non-fluoride opacities",58,2183,NA
"9","Cannot be assessed",468,2651,NA
".","Missing",52,2703,NA
