"PAQ706.Code.or.Value","PAQ706.Value.Description","PAQ706.Count","PAQ706.Cumulative","PAQ706.Skip.to.Item"
"0","0 days",131,131,NA
"1","1 day",90,221,NA
"2","2 days",159,380,NA
"3","3 days",194,574,NA
"4","4 days",183,757,NA
"5","5 days",314,1071,NA
"6","6 days",111,1182,NA
"7","7 days",1799,2981,NA
"77","Refused",0,2981,NA
"99","Don't know",8,2989,NA
".","Missing",6495,9484,NA
