"SMQ078.Code.or.Value","SMQ078.Value.Description","SMQ078.Count","SMQ078.Cumulative","SMQ078.Skip.to.Item"
"1","Within 5 minutes",210,210,NA
"2","From 6 to 30 minutes",269,479,NA
"3","From more than 30 minutes to one hour",162,641,NA
"4","From more than 1 hour to 2 hours",95,736,NA
"5","From more than 2 hours to 3 hours",36,772,NA
"6","From more than 3 hours to 4 hours",10,782,NA
"7","More than 4 hours",43,825,NA
"77","Refused",0,825,NA
"99","Don't know",3,828,NA
".","Missing",6173,7001,NA
