"FCX07DI.Code.or.Value","FCX07DI.Value.Description","FCX07DI.Count","FCX07DI.Cumulative","FCX07DI.Skip.to.Item"
"0","Normal",1242,1242,NA
"1","Very mild",384,1626,NA
"2","Mild",58,1684,NA
"3","Moderate",11,1695,NA
"4","Severe",1,1696,NA
"5","Questionable",840,2536,NA
"8","Non-fluoride opacities",39,2575,NA
"9","Cannot be assessed",859,3434,NA
".","Missing",44,3478,NA
