"PAQ710.Code.or.Value","PAQ710.Value.Description","PAQ710.Count","PAQ710.Cumulative","PAQ710.Skip.to.Item"
"0","Less than 1 hour,",1173,1173,NA
"1","1 hour,",1637,2810,NA
"2","2 hours,",2400,5210,NA
"3","3 hours,",1473,6683,NA
"4","4 hours, or",854,7537,NA
"5","5 hours or more, or",1286,8823,NA
"8","{You don't/SP does not} watch TV or videos",369,9192,NA
"77","Refused",1,9193,NA
"99","Don't know",16,9209,NA
".","Missing",46,9255,NA
