"SMD480.Code.or.Value","SMD480.Value.Description","SMD480.Count","SMD480.Cumulative","SMD480.Skip.to.Item"
"0","0",99,99,NA
"1","1",100,199,NA
"2","2",100,299,NA
"3","3",56,355,NA
"4","4",15,370,NA
"5","5",25,395,NA
"6","6",12,407,NA
"7","7",530,937,NA
"77","Refused",0,937,NA
"99","Don't know",7,944,NA
".","Missing",9027,9971,NA
