"OCQ260.Code.or.Value","OCQ260.Value.Description","OCQ260.Count","OCQ260.Cumulative","OCQ260.Skip.to.Item"
"1","An employee of a private company, business, or individual for wages, salary, or commission.",2571,2571,NA
"2","A federal government employee",89,2660,NA
"3","A state government employee",239,2899,NA
"4","A local government employee",184,3083,NA
"5","Self-employed in own business, professional practice or farm.",372,3455,NA
"6","Working without pay in family business or farm",24,3479,NA
"77","Refused",2,3481,NA
"99","Don't know",38,3519,NA
".","Missing",2808,6327,NA
