"FCX28DI.Code.or.Value","FCX28DI.Value.Description","FCX28DI.Count","FCX28DI.Cumulative","FCX28DI.Skip.to.Item"
"0","Normal",794,794,NA
"1","Very mild",337,1131,NA
"2","Mild",66,1197,NA
"3","Moderate",9,1206,NA
"4","Severe",2,1208,NA
"5","Questionable",1081,2289,NA
"8","Non-fluoride opacities",17,2306,NA
"9","Cannot be assessed",1128,3434,NA
".","Missing",44,3478,NA
