"INDFMIN2.Code.or.Value","INDFMIN2.Value.Description","INDFMIN2.Count","INDFMIN2.Cumulative","INDFMIN2.Skip.to.Item"
"1","$ 0 to $ 4,999",345,345,NA
"2","$ 5,000 to $ 9,999",426,771,NA
"3","$10,000 to $14,999",584,1355,NA
"4","$15,000 to $19,999",618,1973,NA
"5","$20,000 to $24,999",646,2619,NA
"6","$25,000 to $34,999",1038,3657,NA
"7","$35,000 to $44,999",934,4591,NA
"8","$45,000 to $54,999",801,5392,NA
"9","$55,000 to $64,999",620,6012,NA
"10","$65,000 to $74,999",474,6486,NA
"12","$20,000 and Over",221,6707,NA
"13","Under $20,000",148,6855,NA
"14","$75,000 to $99,999",885,7740,NA
"15","$100,000 and Over",1548,9288,NA
"77","Refused",222,9510,NA
"99","Don't know",132,9642,NA
".","Missing",329,9971,NA
