"RHQ070.Code.or.Value","RHQ070.Value.Description","RHQ070.Count","RHQ070.Cumulative","RHQ070.Skip.to.Item"
"1","Younger than 30",1,1,NA
"2","30 to 34",1,2,NA
"3","35 to 39",1,3,NA
"4","40 to 44",6,9,NA
"5","45 to 49",6,15,NA
"6","50 to 54",2,17,NA
"7","55 or older",5,22,NA
"77","Refused",0,22,NA
"99","Don't know",9,31,NA
".","Missing",3440,3471,NA
