"FCX09DI.Code.or.Value","FCX09DI.Value.Description","FCX09DI.Count","FCX09DI.Cumulative","FCX09DI.Skip.to.Item"
"0","Normal",1347,1347,NA
"1","Very mild",421,1768,NA
"2","Mild",97,1865,NA
"3","Moderate",23,1888,NA
"4","Severe",1,1889,NA
"5","Questionable",987,2876,NA
"8","Non-fluoride opacities",56,2932,NA
"9","Cannot be assessed",502,3434,NA
".","Missing",44,3478,NA
