"FCX21DI.Code.or.Value","FCX21DI.Value.Description","FCX21DI.Count","FCX21DI.Cumulative","FCX21DI.Skip.to.Item"
"0","Normal",815,815,NA
"1","Very mild",347,1162,NA
"2","Mild",65,1227,NA
"3","Moderate",10,1237,NA
"4","Severe",1,1238,NA
"5","Questionable",1056,2294,NA
"8","Non-fluoride opacities",16,2310,NA
"9","Cannot be assessed",1124,3434,NA
".","Missing",44,3478,NA
