"OCQ380.Code.or.Value","OCQ380.Value.Description","OCQ380.Count","OCQ380.Cumulative","OCQ380.Skip.to.Item"
"1","Taking care of house or family",427,427,NA
"2","Going to school",315,742,NA
"3","Retired",1001,1743,NA
"4","Unable to work for health reasons",197,1940,NA
"5","On layoff",21,1961,NA
"6","Disabled",358,2319,NA
"7","Other",218,2537,NA
"77","Refused",1,2538,NA
"99","Don't know",1,2539,NA
".","Missing",3788,6327,NA
