"OCQ380.Code.or.Value","OCQ380.Value.Description","OCQ380.Count","OCQ380.Cumulative","OCQ380.Skip.to.Item"
"1","Taking care of house or family",324,324,NA
"2","Going to school",294,618,NA
"3","Retired",1189,1807,NA
"4","Unable to work for health reasons",201,2008,NA
"5","On layoff",35,2043,NA
"6","Disabled",370,2413,NA
"7","Other",211,2624,NA
"77","Refused",1,2625,NA
"99","Don't know",0,2625,NA
".","Missing",3536,6161,NA
