"HSQ580.Code.or.Value","HSQ580.Value.Description","HSQ580.Count","HSQ580.Cumulative","HSQ580.Skip.to.Item"
"1","1",53,53,NA
"2","2",35,88,NA
"3","3",23,111,NA
"4","4",33,144,NA
"5","5",11,155,NA
"6","6",40,195,NA
"7","7",15,210,NA
"8","8",16,226,NA
"9","9",7,233,NA
"10","10",12,245,NA
"11","11",18,263,NA
"12","12",6,269,NA
"77","Refused",0,269,NA
"99","Don't know",5,274,NA
".","Missing",8092,8366,NA
